   0.1886475E-18  0.7378815E-11  0.7924060E-14
   0.1202873E-17  0.2333386E-10  0.2505808E-13
   0.7669881E-17  0.7378816E-10  0.7924060E-13
   0.4890546E-16  0.2333387E-09  0.2505808E-12
   0.3118359E-15  0.7378820E-09  0.7924060E-12
   0.1988359E-14  0.2333389E-08  0.2505808E-11
   0.1267837E-13  0.7378836E-08  0.7924060E-11
   0.8084112E-13  0.2333399E-07  0.2505808E-10
   0.5154673E-12  0.7378899E-07  0.7924060E-10
   0.3286774E-11  0.2333440E-06  0.2505808E-09
   0.1446780E-10  0.5861250E-06  0.6294102E-09
   0.6088583E-10  0.1472362E-05  0.1581048E-08
   0.2441051E-09  0.3698637E-05  0.3971469E-08
   0.3282405E-09  0.4656005E-05  0.4999380E-08
   0.8956552E-09  0.9289166E-05  0.9973660E-08
   0.2392367E-08  0.1853925E-04  0.1990382E-07
   0.6278949E-08  0.3700156E-04  0.3972096E-07
   0.1625287E-07  0.7382663E-04  0.7924186E-07
   0.4166825E-07  0.1473225E-03  0.1581014E-06
   0.5453823E-07  0.1854761E-03  0.1990332E-06
   0.1016740E-06  0.2940527E-03  0.3154997E-06
   0.1890550E-06  0.4660300E-03  0.4999341E-06
   0.2577115E-06  0.5868276E-03  0.6294586E-06
   0.3143219E-06  0.6803509E-03  0.7297275E-06
   0.4281669E-06  0.9007277E-03  0.9659711E-06
   0.7939188E-06  0.1427997E-02  0.1531070E-05
   0.1470497E-05  0.2337627E-02  0.2505627E-05
   0.2722542E-05  0.3706296E-02  0.3971414E-05
   0.3533937E-05  0.4505690E-02  0.4827274E-05
   0.4807203E-05  0.5673565E-02  0.6077363E-05
   0.6541092E-05  0.7401313E-02  0.7926255E-05
   0.8894137E-05  0.9318244E-02  0.9977036E-05
   0.1209603E-04  0.1173418E-01  0.1256090E-04
   0.1562247E-04  0.1421588E-01  0.1521435E-04
   0.2124607E-04  0.1860354E-01  0.1990419E-04
   0.2888566E-04  0.2342500E-01  0.2505589E-04
   0.3713068E-04  0.2828193E-01  0.3024373E-04
   0.5048749E-04  0.3715226E-01  0.3971490E-04
   0.6865650E-04  0.4679429E-01  0.5000572E-04
   0.9050175E-04  0.5757932E-01  0.6151156E-04
   0.9331042E-04  0.6127565E-01  0.6545403E-04
   0.1268897E-03  0.7946966E-01  0.8485434E-04
   0.1620918E-03  0.9551115E-01  0.1019519E-03
   0.1805042E-03  0.1035493E+00  0.1105168E-03
   0.2053454E-03  0.1176932E+00  0.1255844E-03
   0.2791823E-03  0.1532721E+00  0.1634720E-03
   0.3630056E-03  0.1866904E+00  0.1990404E-03
   0.4704843E-03  0.2351434E+00  0.2505849E-03
   0.4871491E-03  0.2413742E+00  0.2572114E-03
   0.4924543E-03  0.2433467E+00  0.2593090E-03
   0.5212901E-03  0.2539772E+00  0.2706132E-03
   0.5678517E-03  0.2708406E+00  0.2885428E-03
   0.5923808E-03  0.2795856E+00  0.2978395E-03
   0.6136019E-03  0.2870790E+00  0.3058050E-03
   0.6759544E-03  0.3209128E+00  0.3417651E-03
   0.1344856E-02  0.1187056E+01  0.1261600E-02
   0.2139087E-02  0.1783594E+01  0.1894700E-02
   0.3287960E-02  0.2516961E+01  0.2672600E-02
   0.4866872E-02  0.3397585E+01  0.3606200E-02
   0.6957400E-02  0.4439025E+01  0.4709700E-02
   0.1304099E-01  0.7071065E+01  0.7496300E-02
   0.2237016E-01  0.1057022E+02  0.1119700E-01
   0.3595791E-01  0.1511552E+02  0.1599900E-01
   0.5499823E-01  0.2087093E+02  0.2207300E-01
   0.8080870E-01  0.2789401E+02  0.2947700E-01
   0.1349412E+00  0.4043832E+02  0.4268400E-01
   0.2401417E+00  0.5900951E+02  0.6220000E-01
   0.3149586E+00  0.6946911E+02  0.7317400E-01
   0.3352372E+00  0.7212546E+02  0.7595900E-01
   0.4485579E+00  0.8075637E+02  0.8500000E-01
   0.5007243E+00  0.8553462E+02  0.9000000E-01
   0.5575594E+00  0.9031590E+02  0.9500000E-01
   0.6194876E+00  0.9510030E+02  0.1000000E+00
   0.6868771E+00  0.9988793E+02  0.1050000E+00
   0.7600899E+00  0.1046789E+03  0.1100000E+00
   0.8396066E+00  0.1094734E+03  0.1150000E+00
   0.9257393E+00  0.1142714E+03  0.1200000E+00
   0.1018925E+01  0.1190732E+03  0.1250000E+00
   0.1119538E+01  0.1238788E+03  0.1300000E+00
   0.1227953E+01  0.1286885E+03  0.1350000E+00
   0.1344669E+01  0.1335023E+03  0.1400000E+00
   0.1469998E+01  0.1383205E+03  0.1450000E+00
   0.1604315E+01  0.1431431E+03  0.1500000E+00
   0.1748119E+01  0.1479704E+03  0.1550000E+00
   0.1901660E+01  0.1528024E+03  0.1600000E+00
   0.2065312E+01  0.1576395E+03  0.1650000E+00
   0.2239700E+01  0.1624816E+03  0.1700000E+00
   0.2425010E+01  0.1673290E+03  0.1750000E+00
   0.2621742E+01  0.1721819E+03  0.1800000E+00
   0.2830271E+01  0.1770404E+03  0.1850000E+00
   0.3050970E+01  0.1819047E+03  0.1900000E+00
   0.3284152E+01  0.1867750E+03  0.1950000E+00
   0.3530380E+01  0.1916514E+03  0.2000000E+00
   0.3789901E+01  0.1965341E+03  0.2050000E+00
   0.4063279E+01  0.2014233E+03  0.2100000E+00
   0.4350638E+01  0.2063193E+03  0.2150000E+00
   0.4652664E+01  0.2112220E+03  0.2200000E+00
   0.4969545E+01  0.2161318E+03  0.2250000E+00
   0.5301842E+01  0.2210488E+03  0.2300000E+00
   0.5649806E+01  0.2259732E+03  0.2350000E+00
   0.6013997E+01  0.2309052E+03  0.2400000E+00
   0.6394417E+01  0.2358449E+03  0.2450000E+00
   0.6792000E+01  0.2407926E+03  0.2500000E+00
   0.7630234E+01  0.2507123E+03  0.2600000E+00
   0.8547734E+01  0.2606657E+03  0.2700000E+00
   0.9550119E+01  0.2706547E+03  0.2800000E+00
   0.1064176E+02  0.2806810E+03  0.2900000E+00
   0.1183700E+02  0.2907468E+03  0.3000000E+00
   0.1313212E+02  0.3008540E+03  0.3100000E+00
   0.1454457E+02  0.3110049E+03  0.3200000E+00
   0.1606625E+02  0.3212015E+03  0.3300000E+00
   0.1770651E+02  0.3314461E+03  0.3400000E+00
   0.1948534E+02  0.3417409E+03  0.3500000E+00
   0.2139212E+02  0.3520883E+03  0.3600000E+00
   0.2344682E+02  0.3624908E+03  0.3700000E+00
   0.2565069E+02  0.3729507E+03  0.3800000E+00
   0.2800249E+02  0.3834706E+03  0.3900000E+00
   0.3051157E+02  0.3940528E+03  0.4000000E+00
   0.3318980E+02  0.4046997E+03  0.4100000E+00
   0.3604591E+02  0.4154142E+03  0.4200000E+00
   0.3906929E+02  0.4261986E+03  0.4300000E+00
   0.4227056E+02  0.4370554E+03  0.4400000E+00
   0.4566906E+02  0.4479871E+03  0.4500000E+00
   0.4925605E+02  0.4589965E+03  0.4600000E+00
   0.5305088E+02  0.4700860E+03  0.4700000E+00
   0.5704294E+02  0.4812584E+03  0.4800000E+00
   0.6125096E+02  0.4925162E+03  0.4900000E+00
   0.6566682E+02  0.5038620E+03  0.5000000E+00
   0.7031050E+02  0.5152983E+03  0.5100000E+00
   0.7518511E+02  0.5268279E+03  0.5200000E+00
   0.8028441E+02  0.5384534E+03  0.5300000E+00
   0.8562714E+02  0.5501774E+03  0.5400000E+00
   0.9704908E+02  0.5739316E+03  0.5600000E+00
   0.1094822E+03  0.5981114E+03  0.5800000E+00
   0.1230200E+03  0.6227388E+03  0.6000000E+00
   0.1376376E+03  0.6478351E+03  0.6200000E+00
   0.1534473E+03  0.6734220E+03  0.6400000E+00
   0.1704491E+03  0.6995213E+03  0.6600000E+00
   0.1886244E+03  0.7261534E+03  0.6800000E+00
   0.2081977E+03  0.7533404E+03  0.7000000E+00
   0.2290381E+03  0.7811045E+03  0.7200000E+00
   0.2512703E+03  0.8094666E+03  0.7400000E+00
   0.2748819E+03  0.8384481E+03  0.7600000E+00
   0.2999852E+03  0.8680703E+03  0.7800000E+00
   0.3266614E+03  0.8983562E+03  0.8000000E+00
   0.3548230E+03  0.9293273E+03  0.8200000E+00
   0.3845700E+03  0.9610045E+03  0.8400000E+00
   0.4158899E+03  0.9934085E+03  0.8600000E+00
   0.4488887E+03  0.1026560E+04  0.8800000E+00
   0.4836663E+03  0.1060482E+04  0.9000000E+00
   0.5201292E+03  0.1095195E+04  0.9200000E+00
   0.5583646E+03  0.1130720E+04  0.9400000E+00
   0.5984850E+03  0.1167079E+04  0.9600000E+00
   0.6405027E+03  0.1204292E+04  0.9800000E+00
   0.6843805E+03  0.1242383E+04  0.1000000E+01
   0.7300683E+03  0.1281368E+04  0.1020000E+01
   0.7779406E+03  0.1321271E+04  0.1040000E+01
   0.8277477E+03  0.1362113E+04  0.1060000E+01
   0.8796146E+03  0.1403914E+04  0.1080000E+01
   0.9335412E+03  0.1446694E+04  0.1100000E+01
   0.9900891E+03  0.1490479E+04  0.1120000E+01
   0.1047386E+04  0.1535280E+04  0.1140000E+01
   0.1108615E+04  0.1581120E+04  0.1160000E+01
   0.1170843E+04  0.1628025E+04  0.1180000E+01
   0.1236129E+04  0.1676010E+04  0.1200000E+01
   0.1303288E+04  0.1725099E+04  0.1220000E+01
   0.1373442E+04  0.1775313E+04  0.1240000E+01
   0.1444533E+04  0.1826667E+04  0.1260000E+01
   0.1519743E+04  0.1879181E+04  0.1280000E+01
   0.1596701E+04  0.1932884E+04  0.1300000E+01
   0.1675843E+04  0.1987788E+04  0.1320000E+01
   0.1757856E+04  0.2043912E+04  0.1340000E+01
