6.72314e-13	9.301856376519356e-08	1e-10
6.94882e-13	9.487926039595291e-08	1.02e-10
7.18197e-13	9.677698023371562e-08	1.0404e-10
7.42284e-13	9.871228423616355e-08	1.06121e-10
7.67166e-13	1.006868552763423e-07	1.08243e-10
7.92871e-13	1.0270013239657002e-07	1.10408e-10
8.19425e-13	1.0475435942757415e-07	1.12616e-10
8.46855e-13	1.0684953636935474e-07	1.14869e-10
8.7519e-13	1.0898622417959363e-07	1.17166e-10
9.0446e-13	1.1116610573133643e-07	1.19509e-10
9.34694e-13	1.13389741982265e-07	1.21899e-10
9.65924e-13	1.1565713293237936e-07	1.24337e-10
9.98182e-13	1.1797052241240697e-07	1.26824e-10
1.0315e-12	1.2032991042234782e-07	1.29361e-10
1.06592e-12	1.2273641887756568e-07	1.31948e-10
1.10146e-12	1.2519116969342427e-07	1.34587e-10
1.13818e-12	1.2769528478528732e-07	1.37279e-10
1.1761e-12	1.3024932511083673e-07	1.40024e-10
1.21526e-12	1.3285385162775432e-07	1.42825e-10
1.25571e-12	1.3551110816676763e-07	1.45681e-10
1.29749e-12	1.3822165568555845e-07	1.48595e-10
1.34063e-12	1.409860551418087e-07	1.51567e-10
1.38518e-12	1.4380542845088212e-07	1.54598e-10
1.4312e-12	1.4668201944350617e-07	1.5769e-10
1.47872e-12	1.49615267161999e-07	1.60844e-10
1.52779e-12	1.5260797639476993e-07	1.64061e-10
1.57846e-12	1.5566014714181895e-07	1.67342e-10
1.63079e-12	1.587734622761917e-07	1.70689e-10
1.68483e-12	1.6194848275557003e-07	1.74102e-10
1.74063e-12	1.651880133683633e-07	1.77584e-10
1.79824e-12	1.6849149315688962e-07	1.81136e-10
1.85774e-12	1.718611659518765e-07	1.84759e-10
1.91917e-12	1.7529871462636954e-07	1.88454e-10
1.9826e-12	1.7880470013805053e-07	1.92223e-10
2.04809e-12	1.823808053599652e-07	1.96068e-10
2.11571e-12	1.8602871316515909e-07	1.99989e-10
2.18553e-12	1.8974898451131407e-07	2.03989e-10
2.25761e-12	1.935438632291576e-07	2.08069e-10
2.33203e-12	1.974150321917353e-07	2.1223e-10
2.40886e-12	2.0136361331441096e-07	2.16474e-10
2.48818e-12	2.0539072851254825e-07	2.20804e-10
2.57007e-12	2.0949862161687468e-07	2.2522e-10
2.65461e-12	2.1368841454275396e-07	2.29724e-10
2.74188e-12	2.1796235112091361e-07	2.34319e-10
2.83198e-12	2.2232155326671732e-07	2.39005e-10
2.92498e-12	2.267682648108926e-07	2.43785e-10
3.02099e-12	2.3130360766880318e-07	2.48661e-10
3.12009e-12	2.3592982567117654e-07	2.53634e-10
3.22238e-12	2.4064860169105827e-07	2.58707e-10
3.32798e-12	2.4546161860149395e-07	2.63881e-10
3.43697e-12	2.503705592755293e-07	2.69159e-10
3.54946e-12	2.5537822850157356e-07	2.74542e-10
3.66558e-12	2.604857481949905e-07	2.80033e-10
3.78542e-12	2.656959231441894e-07	2.85633e-10
3.90911e-12	2.710098752645341e-07	2.91346e-10
4.03678e-12	2.7642984838675204e-07	2.97173e-10
4.16853e-12	2.8195864729925254e-07	3.03117e-10
4.30451e-12	2.875979548750813e-07	3.09179e-10
4.44484e-12	2.9335001494496564e-07	3.15362e-10
4.58966e-12	2.992170713396331e-07	3.2167e-10
4.73912e-12	3.052013678898112e-07	3.28103e-10
4.89335e-12	3.1130570938390926e-07	3.34665e-10
5.0525e-12	3.1753177869497296e-07	3.41358e-10
5.21674e-12	3.238823806114115e-07	3.48186e-10
5.38621e-12	3.303603199216343e-07	3.55149e-10
5.56108e-12	3.369678404563688e-07	3.62252e-10
5.74153e-12	3.4370718604634256e-07	3.69497e-10
5.92771e-12	3.505811614799648e-07	3.76887e-10
6.11982e-12	3.575931325033269e-07	3.84425e-10
6.31803e-12	3.6474478198947435e-07	3.92114e-10
6.52254e-12	3.720400366421802e-07	3.99956e-10
6.73354e-12	3.79481140292172e-07	4.07955e-10
6.95123e-12	3.8707089772785907e-07	4.16114e-10
7.17582e-12	3.9481211373765083e-07	4.24436e-10
7.40752e-12	4.0270871502532023e-07	4.32925e-10
7.64655e-12	4.1076294542159487e-07	4.41584e-10
7.89314e-12	4.189781706725658e-07	4.50415e-10
8.14752e-12	4.273583174820063e-07	4.59424e-10
8.40994e-12	4.359056296806437e-07	4.68612e-10
8.68063e-12	4.4462403397225114e-07	4.77984e-10
8.95986e-12	4.53516335145238e-07	4.87544e-10
9.24789e-12	4.6258702086105913e-07	4.97295e-10
9.54499e-12	4.718388959081239e-07	5.07241e-10
9.85143e-12	4.812758869902055e-07	5.17386e-10
1.01675e-11	4.909013598533951e-07	5.27733e-10
1.04935e-11	5.007198021591475e-07	5.38288e-10
1.08297e-11	5.107345796535541e-07	5.49054e-10
1.11765e-11	5.209490580827061e-07	5.60035e-10
1.15342e-11	5.313682860657403e-07	5.71235e-10
1.1903e-11	5.419961903064297e-07	5.8266e-10
1.22834e-11	5.528361365508656e-07	5.94313e-10
1.26757e-11	5.638914905451391e-07	6.062e-10
1.30803e-11	5.751723495275239e-07	6.18324e-10
1.34974e-11	5.866775915826564e-07	6.3069e-10
1.39276e-11	5.984072167105365e-07	6.43304e-10
1.43712e-11	6.103780536416203e-07	6.5617e-10
1.48287e-11	6.225844927990888e-07	6.69293e-10
1.53003e-11	6.350377533365799e-07	6.82679e-10
1.57866e-11	6.477378352540932e-07	6.96333e-10
1.62881e-11	6.606959577052663e-07	7.10259e-10
1.68051e-11	6.739065111132804e-07	7.24465e-10
1.73381e-11	6.873863242085916e-07	7.38954e-10
1.78877e-11	7.011353969912e-07	7.53733e-10
1.84543e-11	7.15159339037924e-07	7.68808e-10
1.90385e-11	7.29458150348764e-07	7.84184e-10
1.96407e-11	7.440486596541758e-07	7.99867e-10
2.02615e-11	7.589308669541593e-07	8.15865e-10
2.09015e-11	7.741103818255336e-07	8.32182e-10
2.15612e-11	7.895928138451171e-07	8.48826e-10
2.22413e-11	8.053837725897283e-07	8.65802e-10
2.29423e-11	8.214944772130049e-07	8.83118e-10
2.36649e-11	8.37924927714947e-07	9.00781e-10
2.44098e-11	8.54680733672373e-07	9.18796e-10
2.51775e-11	8.71778723815739e-07	9.37172e-10
2.59688e-11	8.892132885682264e-07	9.55916e-10
2.67844e-11	9.069956470834726e-07	9.75034e-10
2.7625e-11	9.251370185151149e-07	9.94535e-10
2.84913e-11	9.43643012439972e-07	1.01443e-09
2.93841e-11	9.62513628858044e-07	1.03471e-09
3.03043e-11	9.817656964997869e-07	1.05541e-09
3.12525e-11	1.0014048249420192e-06	1.07652e-09
3.22298e-11	1.0214310141847414e-06	1.09805e-09
3.32368e-11	1.041861092958409e-06	1.12001e-09
3.42745e-11	1.062700670839841e-06	1.14241e-09
3.53439e-11	1.0839553574058561e-06	1.16526e-09
3.64458e-11	1.1056307622332727e-06	1.18856e-09
3.75811e-11	1.1277437140525474e-06	1.21233e-09
3.8751e-11	1.1502998224404984e-06	1.23658e-09
3.99564e-11	1.1733103065507634e-06	1.26131e-09
4.11984e-11	1.1967751663833422e-06	1.28654e-09
4.2478e-11	1.2207112306686909e-06	1.31227e-09
4.37964e-11	1.2451241089836284e-06	1.33851e-09
4.51546e-11	1.2700306300586103e-06	1.36528e-09
4.65539e-11	1.2954307938936368e-06	1.39259e-09
4.79955e-11	1.3213414292191645e-06	1.42044e-09
4.94806e-11	1.3477681456120114e-06	1.44885e-09
5.10105e-11	1.3747277718026338e-06	1.47783e-09
5.25865e-11	1.4022203077910318e-06	1.50738e-09
5.42099e-11	1.4302681918844799e-06	1.53753e-09
5.58822e-11	1.4588714240829785e-06	1.56828e-09
5.76048e-11	1.488052442693802e-06	1.59965e-09
5.9379e-11	1.5178112477169506e-06	1.63164e-09
6.12066e-11	1.5481702774596989e-06	1.66427e-09
6.30889e-11	1.5791351414988657e-06	1.69756e-09
6.50277e-11	1.610722668564907e-06	1.73151e-09
6.70244e-11	1.642932858657823e-06	1.76614e-09
6.90809e-11	1.675793759661707e-06	1.80146e-09
7.11989e-11	1.7093109811533776e-06	1.83749e-09
7.33801e-11	1.7435013518632912e-06	1.87424e-09
7.56264e-11	1.778370481368266e-06	1.91173e-09
7.79397e-11	1.8139408079755768e-06	1.94996e-09
8.03219e-11	1.8502235508388614e-06	1.98896e-09
8.2775e-11	1.887229929111757e-06	2.02874e-09
8.5301e-11	1.924971161947901e-06	2.06931e-09
8.79021e-11	1.9634752972313865e-06	2.1107e-09
9.05805e-11	2.0027479445390333e-06	2.15291e-09
9.33383e-11	2.0428059326012956e-06	2.19597e-09
9.61779e-11	2.0836604805718123e-06	2.23989e-09
9.91016e-11	2.125334026757858e-06	2.28469e-09
1.02112e-10	2.1678433998898875e-06	2.33038e-09
1.05211e-10	2.2112054286983587e-06	2.37699e-09
1.08402e-10	2.255431332336908e-06	2.42453e-09
1.11687e-10	2.30054354911281e-06	2.47302e-09
1.15069e-10	2.3465532981797026e-06	2.52248e-09
1.1855e-10	2.393488627421679e-06	2.57293e-09
1.22135e-10	2.4413607559923763e-06	2.62439e-09
1.25824e-10	2.49019212219907e-06	2.67688e-09
1.29623e-10	2.5399939451953963e-06	2.73042e-09
1.33532e-10	2.5907998824422685e-06	2.78502e-09
1.37557e-10	2.6426155435165047e-06	2.84072e-09
1.417e-10	2.6954745858790172e-06	2.89754e-09
1.45964e-10	2.7493826191066246e-06	2.95549e-09
1.50353e-10	2.8043733006602392e-06	3.0146e-09
1.5487e-10	2.860463459270317e-06	3.07489e-09
1.5952e-10	2.9176755332441324e-06	3.13639e-09
1.64305e-10	2.9760375704657797e-06	3.19912e-09
1.69231e-10	3.0355607900888953e-06	3.2631e-09
1.743e-10	3.0962732399975735e-06	3.32836e-09
1.79516e-10	3.1582029680759076e-06	3.39493e-09
1.84885e-10	3.2213724126311713e-06	3.46283e-09
1.9041e-10	3.2858040119706407e-06	3.53208e-09
1.96096e-10	3.35152020440159e-06	3.60272e-09
2.01947e-10	3.4185546473849313e-06	3.67478e-09
2.07968e-10	3.486929779227939e-06	3.74827e-09
2.14164e-10	3.556673647814707e-06	3.82324e-09
2.20539e-10	3.627808691452511e-06	3.89971e-09
2.27099e-10	3.70037417717908e-06	3.9777e-09
2.33849e-10	3.7743869337248715e-06	4.05725e-09
2.40795e-10	3.849875008973978e-06	4.1384e-09
2.47941e-10	3.92687766996413e-06	4.22117e-09
2.55294e-10	4.005422964579423e-06	4.30559e-09
2.62859e-10	4.0855333311271295e-06	4.3917e-09
2.70642e-10	4.1672536462218e-06	4.47954e-09
2.7865e-10	4.250600738593891e-06	4.56913e-09
2.86888e-10	4.335619484857952e-06	4.66051e-09
2.95364e-10	4.422337932898075e-06	4.75372e-09
3.04083e-10	4.510789740175173e-06	4.84879e-09
3.13053e-10	4.601014173726977e-06	4.94577e-09
3.22281e-10	4.693039281437581e-06	5.04468e-09
3.31774e-10	4.7869043303447146e-06	5.14558e-09
3.41539e-10	4.8826485874861095e-06	5.24849e-09
3.51584e-10	4.980311319899496e-06	5.35346e-09
3.61916e-10	5.079926185045787e-06	5.46053e-09
3.72544e-10	5.181532449962713e-06	5.56974e-09
3.83477e-10	5.285169381688004e-06	5.68113e-09
3.94722e-10	5.39088185683621e-06	5.79476e-09
4.06288e-10	5.498703532868244e-06	5.91065e-09
4.18184e-10	5.608690505552292e-06	6.02886e-09
4.3042e-10	5.7208708227724474e-06	6.14944e-09
4.43004e-10	5.8353061898737155e-06	6.27243e-09
4.55947e-10	5.951985387702461e-06	6.39788e-09
4.69259e-10	6.071076703563241e-06	6.52584e-09
4.82949e-10	6.192467945919686e-06	6.65635e-09
4.97028e-10	6.3163274020763525e-06	6.78948e-09
5.11508e-10	6.442711167801431e-06	6.92527e-09
5.26398e-10	6.571563147326732e-06	7.06378e-09
5.41711e-10	6.70299553218863e-06	7.20505e-09
5.57459e-10	6.837064418155312e-06	7.34915e-09
5.73652e-10	6.973825900994966e-06	7.49614e-09
5.90305e-10	7.11327998070759e-06	7.64606e-09
6.07428e-10	7.255594944597747e-06	7.79898e-09
6.25036e-10	7.400714696897248e-06	7.95496e-09
6.43142e-10	7.548751429142468e-06	8.11406e-09
6.61759e-10	7.699705141333406e-06	8.27634e-09
6.80901e-10	7.853744120774622e-06	8.44187e-09
7.00584e-10	8.010812271697933e-06	8.6107e-09
7.20822e-10	8.17102178563971e-06	8.78292e-09
7.41629e-10	8.334484854136327e-06	8.95858e-09
7.63023e-10	8.501201477187781e-06	9.13775e-09
7.8502e-10	8.671227750562266e-06	9.3205e-09
8.07634e-10	8.84467586579615e-06	9.50691e-09
8.30885e-10	9.02160191865762e-06	9.69705e-09
8.54789e-10	9.20200590914668e-06	9.89099e-09
8.79363e-10	9.386112220336074e-06	1.00888e-08
9.04628e-10	9.573808660689429e-06	1.02906e-08
9.30601e-10	9.765319613279494e-06	1.04964e-08
9.57302e-10	9.960645078106267e-06	1.07063e-08
9.84751e-10	1.0159897246706123e-05	1.09205e-08
1.01297e-09	1.0363076119079063e-05	1.11389e-08
1.04198e-09	1.0570349982529645e-05	1.13616e-08
1.07179e-09	1.0781831028594245e-05	1.15889e-08
1.10245e-09	1.0997463161504673e-05	1.18207e-08
1.13395e-09	1.1217414668565494e-05	1.20571e-08
1.16634e-09	1.144179774131308e-05	1.22982e-08
1.19963e-09	1.1670668475515619e-05	1.25442e-08
1.23385e-09	1.1904082966941295e-05	1.27951e-08
1.26903e-09	1.214220950289467e-05	1.3051e-08
1.30518e-09	1.2385104179143931e-05	1.3312e-08
1.34234e-09	1.2632823091457266e-05	1.35782e-08
1.38053e-09	1.2885478431371048e-05	1.38498e-08
1.41979e-09	1.3143238486189838e-05	1.41268e-08
1.46014e-09	1.3406103255913634e-05	1.44093e-08
1.50161e-09	1.3674297123615186e-05	1.46975e-08
1.54423e-09	1.3947820089294491e-05	1.49914e-08
1.58803e-09	1.4226784344487929e-05	1.52913e-08
1.63305e-09	1.4511358176500055e-05	1.55971e-08
1.67931e-09	1.4801597681099057e-05	1.5909e-08
1.72686e-09	1.5097671145589495e-05	1.62272e-08
1.77573e-09	1.539963466573956e-05	1.65518e-08
1.82595e-09	1.5707712624621992e-05	1.68828e-08
1.87756e-09	1.6021905022236804e-05	1.72205e-08
1.93059e-09	1.634238014588854e-05	1.75649e-08
1.9851e-09	1.6669250187113586e-05	1.79162e-08
2.04111e-09	1.70026834332165e-05	1.82745e-08
2.09866e-09	1.734279207573365e-05	1.864e-08
2.15781e-09	1.768968830620142e-05	1.90128e-08
2.21858e-09	1.8043484316156176e-05	1.9393e-08
2.28103e-09	1.840440448867067e-05	1.97809e-08
2.34521e-09	1.8772561015281268e-05	2.01765e-08
2.41115e-09	1.9148066087524356e-05	2.058e-08
2.47891e-09	1.9531031896936298e-05	2.09916e-08
2.54854e-09	1.9921738922358032e-05	2.14115e-08
2.62008e-09	2.0320187163789555e-05	2.18397e-08
2.69359e-09	2.0726657100071805e-05	2.22765e-08
2.76911e-09	2.114126092274116e-05	2.2722e-08
2.84672e-09	2.156416691910217e-05	2.31765e-08
2.92646e-09	2.199548728069122e-05	2.364e-08
3.00838e-09	2.243544639058105e-05	2.41128e-08
3.09256e-09	2.2884212536076215e-05	2.45951e-08
3.17904e-09	2.3341954004481294e-05	2.5087e-08
3.2679e-09	2.380889517886902e-05	2.55887e-08
3.35919e-09	2.4285092155007585e-05	2.61005e-08
3.45298e-09	2.4770881507506104e-05	2.66225e-08
3.54934e-09	2.526637542790096e-05	2.71549e-08
3.64834e-09	2.57717982992649e-05	2.7698e-08
3.75005e-09	2.6287262313134292e-05	2.8252e-08
3.85454e-09	2.681310404411826e-05	2.8817e-08
3.96189e-09	2.7349435683753173e-05	2.93934e-08
4.07218e-09	2.7896537710879974e-05	2.99812e-08
4.18547e-09	2.8454522317035034e-05	3.05809e-08
4.30186e-09	2.9023726076827473e-05	3.11925e-08
4.42143e-09	2.9604261181793664e-05	3.18163e-08
4.54426e-09	3.019646420654273e-05	3.24526e-08
4.67045e-09	3.0800447342611044e-05	3.31017e-08
4.80007e-09	3.141654716460773e-05	3.37637e-08
4.93323e-09	3.204498805560553e-05	3.4439e-08
5.07001e-09	3.2685994398677194e-05	3.51278e-08
5.21052e-09	3.333979057689547e-05	3.58303e-08
5.35486e-09	3.4006713164869484e-05	3.6547e-08
5.50313e-09	3.468698654567198e-05	3.72779e-08
5.65543e-09	3.53808351023757e-05	3.80235e-08
5.81187e-09	3.6088539313821585e-05	3.87839e-08
5.97257e-09	3.681043575461876e-05	3.95596e-08
6.13763e-09	3.754674880783996e-05	4.03508e-08
6.30718e-09	3.829781504809431e-05	4.11578e-08
6.48134e-09	3.906391495422276e-05	4.1981e-08
6.66022e-09	3.984532900506623e-05	4.28206e-08
6.84396e-09	4.0642337679465656e-05	4.3677e-08
7.03268e-09	4.145533364779834e-05	4.45505e-08
7.22653e-09	4.228459738890523e-05	4.54415e-08
7.42563e-09	4.313040938162725e-05	4.63504e-08
7.63012e-09	4.399316229634172e-05	4.72774e-08
7.84016e-09	4.4873192707657756e-05	4.82229e-08
8.05589e-09	4.577083719018447e-05	4.91874e-08
8.27746e-09	4.6686432318531e-05	5.01711e-08
8.50503e-09	4.762031466730645e-05	5.11746e-08
8.73875e-09	4.8572876906888136e-05	5.2198e-08
8.9788e-09	4.9544511707653374e-05	5.3242e-08
9.22534e-09	5.0535611739979456e-05	5.43069e-08
9.47855e-09	5.154651357847552e-05	5.5393e-08
9.7386e-09	5.257760989351886e-05	5.65008e-08
1.00057e-08	5.3629349451254986e-05	5.76309e-08
1.028e-08	5.4702181017829374e-05	5.87835e-08
1.05617e-08	5.579638507208298e-05	5.99592e-08
1.0851e-08	5.691252257169766e-05	6.11583e-08
1.11481e-08	5.8051266665891656e-05	6.23815e-08
1.14532e-08	5.921244906736041e-05	6.36291e-08
1.17666e-08	6.039663073378579e-05	6.49017e-08
1.20884e-08	6.160493358053154e-05	6.61997e-08
1.24188e-08	6.283735760759766e-05	6.75237e-08
1.27582e-08	6.409446377266601e-05	6.88742e-08
1.31067e-08	6.537625207573659e-05	7.02517e-08
1.34647e-08	6.668440538985501e-05	7.16567e-08
1.38322e-08	6.801836275733941e-05	7.30899e-08
1.42096e-08	6.937868513587165e-05	7.45517e-08
1.45972e-08	7.076649444081547e-05	7.60427e-08
1.49953e-08	7.218235162985274e-05	7.75636e-08
1.5404e-08	7.362625670298346e-05	7.91148e-08
1.58237e-08	7.509933157557136e-05	8.06971e-08
1.62547e-08	7.660157624761644e-05	8.23111e-08
1.66973e-08	7.813355167680059e-05	8.39573e-08
1.71517e-08	7.969694073616939e-05	8.56364e-08
1.76184e-08	8.129118246804098e-05	8.73492e-08
1.80976e-08	8.29173987877791e-05	8.90961e-08
1.85897e-08	8.457615065306565e-05	9.08781e-08
1.9095e-08	8.626799902158244e-05	9.26956e-08
1.96138e-08	8.799350485101136e-05	9.45495e-08
2.01465e-08	8.975379005671618e-05	9.64405e-08
2.06935e-08	9.154941559637874e-05	9.83693e-08
2.12552e-08	9.33809424276809e-05	1.00337e-07
2.1832e-08	9.524893150830455e-05	1.02343e-07
2.24242e-08	9.715394379593157e-05	1.0439e-07
2.30322e-08	9.909766216360752e-05	1.06478e-07
2.36566e-08	0.00010108008661133245	1.08608e-07
2.42976e-08	0.00010310233905447006	1.1078e-07
2.49559e-08	0.00010516498045070225	1.12995e-07
2.56317e-08	0.00010726857175771087	1.15255e-07
2.63256e-08	0.00010941423489085964	1.1756e-07
2.70381e-08	0.00011160309176551235	1.19912e-07
2.77696e-08	0.00011383570333935083	1.2231e-07
2.85207e-08	0.00011611319152773882	1.24756e-07
2.92918e-08	0.00011843611728835821	1.27251e-07
3.00836e-08	0.00012080560253657271	1.29796e-07
3.08965e-08	0.00012322220823006422	1.32392e-07
3.17311e-08	0.00012568705628419644	1.3504e-07
3.2588e-08	0.00012820126861433313	1.37741e-07
3.34678e-08	0.00013076596713583805	1.40496e-07
3.43711e-08	0.0001333822737640749	1.43306e-07
3.52984e-08	0.00013605074945672558	1.46172e-07
3.62506e-08	0.00013877251612915374	1.49095e-07
3.72281e-08	0.0001415486956967233	1.52077e-07
3.82316e-08	0.00014438041007479782	1.55119e-07
3.92619e-08	0.0001472687811787411	1.58221e-07
4.03197e-08	0.0001502149309239169	1.61385e-07
4.14057e-08	0.00015321998122568896	1.64613e-07
4.25206e-08	0.00015628505399942097	1.67905e-07
4.36652e-08	0.0001594118321181586	1.71263e-07
4.48402e-08	0.00016260087653958364	1.74689e-07
4.60466e-08	0.00016585387013674175	1.78182e-07
4.7285e-08	0.00016917193482499668	1.81746e-07
4.85565e-08	0.00017255619251971217	1.85381e-07
4.98617e-08	0.00017600832609393377	1.89089e-07
5.12017e-08	0.00017952945746302525	1.9287e-07
5.25773e-08	0.00018312070854235038	1.96728e-07
5.39894e-08	0.00018678432316263658	2.00662e-07
5.54391e-08	0.0001905214232392476	2.04676e-07
5.69274e-08	0.00019433256972986536	2.08769e-07
5.84551e-08	0.00019822056742289915	2.12945e-07
6.00235e-08	0.00020218597727603087	2.17203e-07
6.16335e-08	0.00020623104311998797	2.21547e-07
6.32863e-08	0.0002103568868701342	2.25978e-07
6.49829e-08	0.00021456519139951516	2.30498e-07
6.67246e-08	0.00021885820053885836	2.35108e-07
6.85124e-08	0.0002232364752458456	2.3981e-07
7.03478e-08	0.0002277028203088863	2.44606e-07
7.22318e-08	0.00023225835764334416	2.49498e-07
7.41657e-08	0.0002369047701222648	2.54488e-07
7.6151e-08	0.00024164430157637567	2.59578e-07
7.81888e-08	0.0002464786348787224	2.6477e-07
8.02807e-08	0.0002514100138600325	2.70065e-07
8.2428e-08	0.0002564401213933515	2.75466e-07
8.46322e-08	0.0002615700793940432	2.80976e-07
8.68948e-08	0.00026680325360819876	2.86595e-07
8.92173e-08	0.0002721413269088638	2.92327e-07
9.16012e-08	0.00027758598216908397	2.98174e-07
9.40483e-08	0.00028313946321958667	3.04137e-07
9.65601e-08	0.0002888040138910995	3.1022e-07
9.91384e-08	0.00029458243897203173	3.16424e-07
1.01785e-07	0.0003004758603777471	3.22753e-07
1.04501e-07	0.0003064876438543368	3.29208e-07
1.0729e-07	0.00031261947227484644	3.35792e-07
1.10152e-07	0.00031887415042768536	3.42508e-07
1.13089e-07	0.00032525336118589923	3.49358e-07
1.16105e-07	0.00033176103125326107	3.56345e-07
1.192e-07	0.00033839884350281654	3.63472e-07
1.22377e-07	0.0003451690417652931	3.70742e-07
1.25637e-07	0.0003520749917867819	3.78156e-07
1.28984e-07	0.00035911893739801046	3.8572e-07
1.32419e-07	0.0003663036833873882	3.93434e-07
1.35945e-07	0.0003736325955010062	4.01303e-07
1.39564e-07	0.000381107917569592	4.09329e-07
1.43278e-07	0.00038873301533923687	4.17515e-07
1.4709e-07	0.00039651069359835	4.25866e-07
1.51003e-07	0.0004044437571353409	4.34383e-07
1.55019e-07	0.00041253557169630077	4.4307e-07
1.59141e-07	0.00042078950302732067	4.51932e-07
1.63371e-07	0.0004292083559168101	4.60971e-07
1.67713e-07	0.00043779605706854207	4.7019e-07
1.7217e-07	0.00044655541127092596	4.79594e-07
1.76743e-07	0.000455489784270053	4.89186e-07
1.81438e-07	0.00046460366372737803	4.98969e-07
1.86256e-07	0.0004738992934736286	5.08949e-07
1.912e-07	0.00048338116117025977	5.19128e-07
1.96275e-07	0.0004930526325633626	5.2951e-07
2.01483e-07	0.0005029176343567103	5.401e-07
2.06829e-07	0.0005129800932540757	5.50902e-07
2.12315e-07	0.000523243935959232	5.61921e-07
2.17945e-07	0.0005337130891759527	5.73159e-07
2.23723e-07	0.0005443914796080102	5.84622e-07
2.29653e-07	0.0005552841558745418	5.96315e-07
2.3574e-07	0.0005663933618062747	6.08241e-07
2.41986e-07	0.0005777247069800279	6.20406e-07
2.48396e-07	0.0005892860448033472	6.32814e-07
2.54974e-07	0.0006010773752762328	6.4547e-07
2.61725e-07	0.0006131043079755033	6.58379e-07
2.68654e-07	0.0006253724524779776	6.71547e-07
2.75764e-07	0.0006378818087836556	6.84978e-07
2.83061e-07	0.0006506492056229932	6.98678e-07
2.9055e-07	0.0006636634238423531	7.12651e-07
2.98235e-07	0.0006769469017490103	7.26904e-07
3.06121e-07	0.0006904884201893271	7.41442e-07
3.14215e-07	0.0007043048078937597	7.56271e-07
3.2252e-07	0.0007183960648623081	7.71396e-07
3.31043e-07	0.0007327734102486095	7.86824e-07
3.3979e-07	0.0007474368440526643	8.02561e-07
3.48766e-07	0.0007623919758512909	8.18612e-07
3.57977e-07	0.0007776444152213079	8.34984e-07
3.67429e-07	0.0007932053813163531	8.51684e-07
3.77129e-07	0.0008090804837132448	8.68718e-07
3.87083e-07	0.0008252697224119831	8.86092e-07
3.97297e-07	0.0008417787069893867	9.03814e-07
4.07778e-07	0.0008586242661759118	9.2189e-07
4.18534e-07	0.0008758063999715582	9.40328e-07
4.29572e-07	0.0008933307179531446	9.59135e-07
4.40897e-07	0.0009112028296974897	9.78317e-07
4.5252e-07	0.0009294395639350498	9.97884e-07
4.64445e-07	0.000948035311089006	1.01784e-06
4.76683e-07	0.0009670068998898143	1.0382e-06
4.8924e-07	0.0009863543303374749	1.05896e-06
5.02126e-07	0.0010060944311624438	1.08014e-06
5.15348e-07	0.001026227202364721	1.10174e-06
5.28915e-07	0.001046758253521125	1.12378e-06
5.42837e-07	0.0010677044133621122	1.14625e-06
5.57122e-07	0.001089071291464501	1.16918e-06
5.7178e-07	0.0011108644974051102	1.19256e-06
5.8682e-07	0.0011330896407607588	1.21641e-06
6.02253e-07	0.0011557635502619022	1.24074e-06
6.18088e-07	0.0011788918354853596	1.26556e-06
6.34337e-07	0.0012024857155847682	1.29087e-06
6.51008e-07	0.0012265451905601281	1.31669e-06
6.68115e-07	0.001251092698718714	1.34302e-06
6.85667e-07	0.0012761282400605258	1.36988e-06
7.03676e-07	0.001301663033739201	1.39728e-06
7.22155e-07	0.0013277082989083771	1.42522e-06
7.41114e-07	0.0013542808642985102	1.45373e-06
7.60568e-07	0.0013813807299095998	1.4828e-06
7.80528e-07	0.0014090247244721024	1.51246e-06
8.01007e-07	0.0014372184575628365	1.54271e-06
8.22019e-07	0.0014659787579122583	1.57356e-06
8.43578e-07	0.001495316844674005	1.60503e-06
8.65697e-07	0.0015252383274248955	1.63713e-06
8.88391e-07	0.001555760034895386	1.66988e-06
9.11676e-07	0.0015868931862391136	1.70327e-06
9.35566e-07	0.0016186490006097156	1.73734e-06
9.60076e-07	0.0016510443067376483	1.77209e-06
9.85223e-07	0.0016840847141997304	1.80753e-06
1.01102e-06	0.0017177870517264178	1.84368e-06
1.03749e-06	0.0017521625384713478	1.88055e-06
1.06465e-06	0.0017872280031649768	1.91816e-06
1.09251e-06	0.0018229890553841234	1.95653e-06
1.1211e-06	0.0018594737430128808	1.99566e-06
1.15042e-06	0.0018966876756280678	2.03557e-06
1.18051e-06	0.0019346420723833219	2.07628e-06
1.21138e-06	0.001973359371585918	2.11781e-06
1.24305e-06	0.002012850792389493	2.16016e-06
1.27553e-06	0.0020531331635245034	2.20337e-06
1.30886e-06	0.002094223313721405	2.24743e-06
1.34306e-06	0.0021361324621338353	2.29238e-06
1.37814e-06	0.002178883047069069	2.33823e-06
1.41412e-06	0.0022224862876807435	2.38499e-06
1.45104e-06	0.002266964622276134	2.43269e-06
1.48892e-06	0.0023123348795856956	2.48135e-06
1.52777e-06	0.0023586138883398854	2.53098e-06
1.56763e-06	0.0024058184772691588	2.5816e-06
1.60852e-06	0.002453965475103972	2.63323e-06
1.65047e-06	0.0025030773201516	2.68589e-06
1.6935e-06	0.002553170841142498	2.73961e-06
1.73764e-06	0.0026042684763839426	2.7944e-06
1.78293e-06	0.0026563926641832063	2.85029e-06
1.82938e-06	0.002709554623693928	2.9073e-06
1.87703e-06	0.002763782402800201	2.96544e-06
1.92592e-06	0.0028190984398092996	3.02475e-06
1.97606e-06	0.0028755195634516803	3.08525e-06
2.0275e-06	0.002933068212034617	3.14695e-06
2.08026e-06	0.002991772433442204	3.20989e-06
2.13439e-06	0.0030516490564048973	3.27409e-06
2.18991e-06	0.0031127261288067904	3.33957e-06
2.24686e-06	0.0031750204793783384	3.40636e-06
2.30529e-06	0.0032385713751572737	3.47449e-06
2.36521e-06	0.003303384425720414	3.54398e-06
2.42668e-06	0.003369504507682309	3.61486e-06
2.48973e-06	0.0034369428401965956	3.68715e-06
2.5544e-06	0.003505733080724187	3.7609e-06
2.62074e-06	0.003575897667572357	3.83611e-06
2.68879e-06	0.0036474702582020182	3.91284e-06
2.75858e-06	0.003720473290920445	3.99109e-06
2.83017e-06	0.00379494042318855	4.07092e-06
2.9036e-06	0.003870894093313608	4.15233e-06
2.97892e-06	0.003948373568333349	4.23538e-06
3.05617e-06	0.004027401286555049	4.32009e-06
3.13541e-06	0.00410801090543962	4.40649e-06
3.21668e-06	0.004190236082447972	4.49462e-06
3.30003e-06	0.004274104865464201	4.58451e-06
3.38553e-06	0.004359650911949218	4.6762e-06
3.47322e-06	0.0044469134889407545	4.76973e-06
3.56316e-06	0.004535926253899721	4.86512e-06
3.6554e-06	0.004626717254710214	4.96242e-06
3.75001e-06	0.004719325758409961	5.06167e-06
3.84705e-06	0.004813785422459875	5.1629e-06
3.94656e-06	0.004910141123474507	5.26616e-06
4.04863e-06	0.00500842090933795	5.37149e-06
4.15331e-06	0.005108675266241571	5.47892e-06
4.26067e-06	0.005210932242069465	5.58849e-06
4.37078e-06	0.00531523671343618	5.70026e-06
4.48371e-06	0.005421627947379448	5.81427e-06
4.59952e-06	0.005530150820513818	5.93055e-06
4.71829e-06	0.0056408221615697465	6.04917e-06
4.8401e-06	0.0057537429429299685	6.17015e-06
4.96502e-06	0.005868963650785854	6.29355e-06
5.09313e-06	0.005986428189369215	6.41942e-06
5.22452e-06	0.006106248750216426	6.54781e-06
5.35925e-06	0.006228481429095673	6.67877e-06
5.49743e-06	0.006353182321775144	6.81234e-06
5.63912e-06	0.006480351428254838	6.94859e-06
5.78444e-06	0.006610044844302943	7.08756e-06
5.93345e-06	0.006742374761455831	7.22931e-06
6.08627e-06	0.006877341179713505	7.3739e-06
6.24298e-06	0.007015000194844148	7.52138e-06
6.40368e-06	0.007155463998384137	7.67181e-06
6.56847e-06	0.007298676494565283	7.82524e-06
6.73745e-06	0.007444805970692149	7.98175e-06
6.91074e-06	0.007593796330996545	8.14138e-06
7.08843e-06	0.007745815862783035	8.30421e-06
7.27065e-06	0.007900920661819804	8.47029e-06
7.45749e-06	0.008059054632338664	8.6397e-06
7.64908e-06	0.008220386061644179	8.81249e-06
7.84554e-06	0.008384971045504532	8.98874e-06
8.04698e-06	0.008552809583919727	9.16852e-06
8.25355e-06	0.008724013868426134	9.35189e-06
8.46535e-06	0.00889869609056013	9.53893e-06
8.68252e-06	0.009076800154553526	9.7297e-06
8.90521e-06	0.00925855044347907	9.9243e-06
9.13353e-06	0.009443890861568579	1.01228e-05
9.36765e-06	0.009632933600358419	1.03252e-05
9.60769e-06	0.009825790851384967	1.05317e-05
9.85382e-06	0.010022518710416414	1.07424e-05
1.01062e-05	0.010223173273220943	1.09572e-05
1.03649e-05	0.01042781063556674	1.11764e-05
1.06302e-05	0.010636599084758369	1.13999e-05
1.09022e-05	0.010849538620795829	1.16279e-05
1.11811e-05	0.01106674143521549	1.18605e-05
1.1467e-05	0.011288319719553732	1.20977e-05
1.17601e-05	0.011514329569578739	1.23396e-05
1.20607e-05	0.011744827081058696	1.25864e-05
1.23688e-05	0.011979980541298165	1.28381e-05
1.26847e-05	0.012219846046065335	1.30949e-05
1.30086e-05	0.01246447969112839	1.33568e-05
1.33406e-05	0.012714049763791892	1.36239e-05
1.3681e-05	0.012968612359824027	1.38964e-05
1.403e-05	0.013228279670761173	1.41743e-05
1.43878e-05	0.013493107792371511	1.44578e-05
1.47545e-05	0.013763265011959604	1.4747e-05
1.51305e-05	0.01403880742529364	1.50419e-05
1.5516e-05	0.014319903319678176	1.53428e-05
1.59112e-05	0.014606608790881404	1.56496e-05
1.63162e-05	0.014899092126207882	1.59626e-05
1.67315e-05	0.015197409421425799	1.62819e-05
1.71572e-05	0.015501672868071524	1.66075e-05
1.75936e-05	0.01581205075344962	1.69396e-05
1.80409e-05	0.016128655269096466	1.72784e-05
1.84995e-05	0.016451598606548427	1.7624e-05
1.89696e-05	0.016780992957341884	1.79765e-05
1.94514e-05	0.017117006608781394	1.8336e-05
1.99453e-05	0.017459751752403333	1.87027e-05
2.04516e-05	0.017809340579744072	1.90768e-05
2.09706e-05	0.018165941378108168	1.94583e-05
2.15025e-05	0.018529722434800194	1.98475e-05
2.20477e-05	0.018900739845588325	2.02444e-05
2.26066e-05	0.019279217993545317	2.06493e-05
2.31795e-05	0.01966526907020754	2.10623e-05
2.37666e-05	0.020059005267111366	2.14836e-05
2.43685e-05	0.02046070706309773	2.19132e-05
2.49853e-05	0.020870374458166634	2.23515e-05
2.56175e-05	0.021288287931159014	2.27985e-05
2.62655e-05	0.021714615769379424	2.32545e-05
2.69297e-05	0.022149414068596062	2.37196e-05
2.76104e-05	0.02259296330764985	2.4194e-05
2.8308e-05	0.02304537567807717	2.46779e-05
2.90231e-05	0.02350687556295077	2.51714e-05
2.97559e-05	0.023977575153807017	2.56749e-05
3.05069e-05	0.02445775492948685	2.61884e-05
3.12766e-05	0.024947527081526644	2.67121e-05
3.20655e-05	0.025447115992999144	2.72464e-05
3.28739e-05	0.02595668995120891	2.77913e-05
3.37024e-05	0.02647652943499688	2.83471e-05
3.45514e-05	0.027006746635899425	2.89141e-05
3.54216e-05	0.02754756593698929	2.94923e-05
3.63133e-05	0.028099211721339234	3.00822e-05
3.7227e-05	0.028661964467790176	3.06838e-05
3.81635e-05	0.029235936367878503	3.12975e-05
3.9123e-05	0.02982146399621333	3.19235e-05
4.01064e-05	0.03041865954433103	3.25619e-05
4.11141e-05	0.03102785958684072	3.32132e-05
4.21466e-05	0.031649232411046974	3.38774e-05
4.32047e-05	0.03228311459155891	3.4555e-05
4.42889e-05	0.03292961831991288	3.52461e-05
4.53999e-05	0.03358913626648623	3.5951e-05
4.65383e-05	0.03426183671858349	3.667e-05
4.77047e-05	0.03494805625081379	3.74034e-05
4.88999e-05	0.0356479631504817	3.81515e-05
5.01246e-05	0.03636189399219633	3.89145e-05
5.13794e-05	0.03709018535056681	3.96928e-05
5.2665e-05	0.03783300551289769	4.04867e-05
5.39823e-05	0.03859074714956629	4.12964e-05
5.5332e-05	0.03936369073941354	4.21223e-05
5.67149e-05	0.040152060665512176	4.29648e-05
5.81317e-05	0.04095624959823953	4.38241e-05
5.95832e-05	0.0417765941122047	4.47005e-05
6.10704e-05	0.042613318590480447	4.55946e-05
6.2594e-05	0.04346681570344407	4.65065e-05
6.4155e-05	0.044337422025704704	4.74366e-05
6.57542e-05	0.04522547413187147	4.83853e-05
6.73926e-05	0.04613136469232165	4.9353e-05
6.9071e-05	0.04705537418589621	5.03401e-05
7.07905e-05	0.04799783918720426	5.13469e-05
7.2552e-05	0.04895926455815948	5.23738e-05
7.43565e-05	0.0499399307776028	5.34213e-05
7.6205e-05	0.05094023051591154	5.44897e-05
7.80987e-05	0.051960612539231184	5.55795e-05
8.00385e-05	0.05300141342217086	5.66911e-05
8.20256e-05	0.05406302583510788	5.78249e-05
8.40611e-05	0.0551460107357241	5.89814e-05
8.61461e-05	0.05625059250709228	6.01611e-05
8.82819e-05	0.05737755648996703	6.13643e-05
9.04695e-05	0.05852695878011654	6.25916e-05
9.27104e-05	0.05969936033522267	6.38434e-05
9.50056e-05	0.060894761155285436	6.51203e-05
9.73565e-05	0.062114844113350436	6.64227e-05
9.97645e-05	0.0633590482517358	6.77511e-05
0.000102231	0.06462849548580527	6.91061e-05
0.000104757	0.06592318581555884	7.04883e-05
0.000107344	0.06724368019867838	7.1898e-05
0.000109994	0.06859053959284576	7.3336e-05
0.000112708	0.06996488591342473	7.48027e-05
0.000115487	0.07136615820273338	7.62988e-05
0.000118334	0.0727960393338174	7.78247e-05
0.000121249	0.0742545293066767	7.93812e-05
0.000124235	0.07574162812131133	8.09689e-05
0.000127292	0.07725901865076687	8.25882e-05
0.000130423	0.07880670089504335	8.424e-05
0.00013363	0.08038579676950447	8.59248e-05
0.000136913	0.08199630627415028	8.76433e-05
0.000140276	0.0836387903666626	8.93962e-05
0.000143719	0.0853143709624052	9.11841e-05
0.000147245	0.08702360901905994	9.30078e-05
0.000150856	0.08876706549430867	9.48679e-05
0.000154553	0.09054586230351516	9.67653e-05
0.000158339	0.09235999944667939	9.87006e-05
0.000162215	0.09421003788148324	0.000100675
0.000166184	0.0960976604809723	0.000102688
0.000170248	0.09802286724514658	0.000104742
0.00017441	0.09998678008936984	0.000106837
0.00017867	0.1019899599713239	0.000108973
0.000183032	0.10403352880637254	0.000111153
0.000187498	0.10611804755219761	0.000113376
0.000192071	0.10824407716648099	0.000115643
0.000196752	0.11041330052226828	0.000117956
0.000201545	0.1126251566618776	0.000120315
0.000206451	0.11488188941603644	0.000122722
0.000211474	0.11718405974242667	0.000125176
0.000216616	0.11953166764104829	0.00012768
0.000221881	0.12192695694262877	0.000130233
0.00022727	0.1243699276471681	0.000132838
0.000232786	0.12686170167003002	0.000135495
0.000238434	0.1294039618842602	0.000138205
0.000244214	0.13199670828985857	0.000140969
0.000250131	0.1346416237598707	0.000143788
0.000256188	0.13733983020966042	0.000146664
0.000262388	0.14009188859690958	0.000149597
0.000268734	0.14289892083698189	0.000152589
0.000275229	0.14576260980292294	0.000155641
0.000281877	0.14868351645241465	0.000158754
0.000288682	0.1516627627008207	0.000161929
0.000295646	0.15470203142118674	0.000165167
0.000302774	0.15780188357119465	0.000168471
0.000310068	0.16096400202389	0.00017184
0.000317534	0.16418950869463653	0.000175277
0.000325175	0.1674800864564799	0.000178782
0.000332994	0.17083629626710192	0.000182358
0.000340996	0.1742598209995482	0.000186005
0.000349185	0.1777517825691825	0.000189725
0.000357564	0.18131386384905043	0.00019352
0.00036614	0.18494774771219757	0.00019739
0.000374914	0.18865399511630582	0.000201338
0.000383893	0.19243484989210266	0.000205365
0.000393081	0.1962914339549518	0.000209472
0.000402482	0.20022543017789882	0.000213662
0.000412101	0.20423796047630752	0.000217935
0.000421943	0.20833126868090535	0.000222293
0.000432013	0.21250647670705608	0.000226739
0.000442316	0.21676526742780525	0.000231274
0.000452857	0.22110988467388037	0.0002359
0.000463641	0.2255408894029633	0.000240618
0.000474674	0.2300616473611453	0.00024543
0.000485961	0.23467215854842635	0.000250339
0.000496673	0.2393757887108976	0.000255345
0.000583349	0.33334461478917715	0.000355345
0.000659893	0.42733812300545904	0.000455345
0.00073986	0.5213490209098787	0.000555345
0.000824748	0.6153761865870727	0.000655345
0.000914861	0.709415132375586	0.000755345
0.00101018	0.8034709068945551	0.000855345
0.00111059	0.8975322909903432	0.000955345
0.00121592	0.9916105038165871	0.00105535
0.001326	1.08569432621965	0.00115535
0.00144067	1.17978936777635	0.00125535
0.00155976	1.2738956284866874	0.00135535
0.00168312	1.3680074987738435	0.00145535
0.00181059	1.4621305882146372	0.00155535
0.00194204	1.5562592872322494	0.00165535
0.00207733	1.650399205403499	0.00175535
0.00221635	1.7445447331515673	0.00185535
0.00235898	1.838701480053273	0.00195535
0.0025051	1.9328638365317974	0.00205535
0.0026546	2.0270318025871403	0.00215535
0.0028074	2.1212053782193023	0.00225535
0.0029634	2.2153901730051015	0.00235535
0.0031225	2.309580577367719	0.00245535
0.00328462	2.4037765913071554	0.00255535
0.00344967	2.497978214823411	0.00265535
0.00361759	2.5921910574933036	0.00275535
0.00378829	2.686403900163196	0.00285535
0.0039617	2.780627961986726	0.00295535
0.00413775	2.8748520238102557	0.00305535
0.00431638	2.9690873047874233	0.00315535
0.00449753	3.0633225857645905	0.00325535
0.00468112	3.1575690858953953	0.00335535
0.0048671	3.2518211956030187	0.00345535
0.00505542	3.346073305310642	0.00355535
0.00524602	3.440336634171903	0.00365535
0.00543885	3.5345999630331635	0.00375535
0.00563385	3.628874511048062	0.00385535
0.00583097	3.72314905906296	0.00395535
0.00603018	3.817429216654677	0.00405535
0.00623141	3.9117149838232126	0.00415535
0.00643463	4.006006360568567	0.00425535
0.00663979	4.10030334689074	0.00435535
0.00684684	4.194605942789732	0.00445535
0.00705576	4.288908538688723	0.00455535
0.00726649	4.383222353741353	0.00465535
0.007479	4.47753616879398	0.00475535
0.00769325	4.571855593423429	0.00485535
0.00790921	4.6661750180528765	0.00495535
0.00812683	4.760505661835961	0.00505535
0.00834609	4.854836305619046	0.00515535
0.00856694	4.949172558978949	0.00525535
0.00878936	5.043514421915672	0.00535535
0.00901332	5.137861894429213	0.00545535
0.00923878	5.2322093669427545	0.00555535
0.00946571	5.326562449033115	0.00565535
0.00969409	5.420921140700293	0.00575535
0.00992388	5.515279832367471	0.00585535
0.0101551	5.609632914457832	0.00595535
0.0103876	5.704042092316379	0.00605535
0.0106214	5.798395174406737	0.00615535
0.0108566	5.892748256497097	0.00625535
0.0110931	5.987157434355645	0.00635535
0.0113308	6.081510516446005	0.00645535
0.0115697	6.175919694304551	0.00655535
0.0118098	6.270328872163097	0.00665535
0.0120512	6.364681954253458	0.00675535
0.0122936	6.459091132112005	0.00685535
0.0125373	6.553500309970551	0.00695535
0.012782	6.647909487829097	0.00705535
0.0130278	6.742318665687645	0.00715535
0.0132747	6.836727843546191	0.00725535
0.0135227	6.931137021404737	0.00735535
0.0137717	7.025546199263284	0.00745535
0.0140217	7.120011472890019	0.00755535
0.0142726	7.214420650748565	0.00765535
0.0145246	7.308829828607111	0.00775535
0.0147776	7.403295102233845	0.00785535
0.0150314	7.4977042800923925	0.00795535
0.0152862	7.592169553719125	0.00805535
0.0155419	7.686578731577672	0.00815535
0.0157985	7.781044005204406	0.00825535
0.016056	7.875509278831139	0.00835535
0.0163143	7.969918456689687	0.00845535
0.0165734	8.06438373031642	0.00855535
0.0168334	8.158849003943153	0.00865535
0.0170942	8.253314277569887	0.00875535
0.0173558	8.34777955119662	0.00885535
0.0176182	8.442244824823355	0.00895535
0.0178813	8.536710098450088	0.00905535
0.0181452	8.631175372076822	0.00915535
0.0184099	8.725640645703555	0.00925535
0.0186752	8.820162015098475	0.00935535
0.0189413	8.914627288725208	0.00945535
0.0192081	9.009092562351942	0.00955535
0.0194756	9.103613931746864	0.00965535
0.0197437	9.198079205373597	0.00975535
0.0200125	9.292600574768517	0.00985535
0.020282	9.38706584839525	0.00995535
0.0205521	9.481587217790171	0.0100553
0.0208228	9.576052491416906	0.0101553
0.0210942	9.670573860811826	0.0102553
0.0213662	9.765095230206745	0.0103553
0.0216387	9.859616599601667	0.0104553
0.0219119	9.9540818732284	0.0105553
0.0221856	10.048603242623322	0.0106553
0.0224599	10.14312461201824	0.0107553
0.0227348	10.237645981413163	0.0108553
0.0230102	10.332167350808081	0.0109553
0.0232862	10.426688720203003	0.0110553
0.0235627	10.521210089597924	0.0111553
0.0238397	10.615731458992844	0.0112553
0.0241172	10.710308924155951	0.0113553
0.0243952	10.804830293550872	0.0114553
0.0246738	10.899351662945792	0.0115553
0.0249528	10.993873032340714	0.0116553
0.0252323	11.08845049750382	0.0117553
0.0255123	11.182971866898741	0.0118553
0.0257927	11.277549332061847	0.0119553
0.0260736	11.372070701456769	0.0120553
0.026355	11.466648166619876	0.0121553
0.0266368	11.561169536014797	0.0122553
0.026919	11.655747001177904	0.0123553
0.0272017	11.750268370572824	0.0124553
0.0274848	11.844845835735931	0.0125553
0.0277683	11.93942330089904	0.0126553
0.0280522	12.034000766062146	0.0127553
0.0283366	12.128522135457068	0.0128553
0.0286213	12.223099600620174	0.0129553
0.0289064	12.317677065783283	0.0130553
0.029192	12.41225453094639	0.0131553
0.0294779	12.506831996109495	0.0132553
0.0297641	12.601409461272604	0.0133553
0.0300508	12.695986926435712	0.0134553
0.0303378	12.79056439159882	0.0135553
0.0306252	12.885141856761926	0.0136553
0.0309129	12.979719321925034	0.0137553
0.031201	13.074352882856328	0.0138553
0.0314894	13.168930348019435	0.0139553
0.0317782	13.263507813182542	0.0140553
0.0320673	13.358085278345651	0.0141553
0.0323568	13.452718839276946	0.0142553
0.0326465	13.547296304440051	0.0143553
0.0329366	13.64187376960316	0.0144553
0.0332271	13.736507330534454	0.0145553
0.0335178	13.831084795697562	0.0146553
0.0338089	13.925718356628856	0.0147553
0.0341002	14.020295821791963	0.0148553
0.0343919	14.114929382723258	0.0149553
0.0346839	14.209562943654552	0.0150553
0.0349762	14.30414040881766	0.0151553
0.0352687	14.398773969748953	0.0152553
0.0355616	14.493407530680246	0.0153553
0.0358547	14.588041091611542	0.0154553
0.0361482	14.68261855677465	0.0155553
0.0364419	14.777252117705943	0.0156553
0.0367359	14.871885678637238	0.0157553
0.0370302	14.966519239568532	0.0158553
0.0373248	15.061152800499828	0.0159553
0.0376196	15.155786361431122	0.0160553
0.0379147	15.250419922362415	0.0161553
0.0382101	15.345053483293709	0.0162553
0.0385057	15.439687044225003	0.0163553
0.0388016	15.534320605156298	0.0164553
0.0390978	15.628954166087592	0.0165553
0.0393942	15.723587727018886	0.0166553
0.0396909	15.818221287950182	0.0167553
0.0399879	15.912910944649662	0.0168553
0.0402851	16.007544505580956	0.0169553
0.0405825	16.102178066512252	0.0170553
0.0408802	16.19686772321173	0.0171553
0.0411782	16.291501284143028	0.0172553
0.0414764	16.38613484507432	0.0173553
0.0417748	16.480824501773803	0.0174553
0.0420735	16.575458062705096	0.0175553
0.0423725	16.67014771940458	0.0176553
0.0426716	16.76478128033587	0.0177553
0.0429711	16.859470937035354	0.0178553
0.0432707	16.954104497966647	0.0179553
0.0435706	17.04879415466613	0.0180553
0.0438708	17.143427715597422	0.0181553
0.0441712	17.238117372296905	0.0182553
0.0444718	17.332807028996385	0.0183553
0.0447726	17.42744058992768	0.0184553
0.0450737	17.52213024662716	0.0185553
0.045375	17.616819903326643	0.0186553
0.0456766	17.711509560026123	0.0187553
0.0459784	17.80614312095742	0.0188553
0.0462804	17.9008327776569	0.0189553
0.0465827	17.99552243435638	0.0190553
0.0468852	18.09021209105586	0.0191553
0.0471879	18.18490174775534	0.0192553
0.0474909	18.279591404454823	0.0193553
0.0477941	18.374281061154303	0.0194553
0.0480975	18.468970717853786	0.0195553
0.0484011	18.563660374553265	0.0196553
0.048705	18.65835003125275	0.0197553
0.0490091	18.753039687952228	0.0198553
0.0493135	18.847729344651707	0.0199553
0.0496181	18.94247509711938	0.0200553
0.0499229	19.03716475381886	0.0201553
0.0502279	19.131854410518343	0.0202553
0.0505332	19.226544067217823	0.0203553
0.0508388	19.321233723917302	0.0204553
0.0511445	19.415979476384972	0.0205553
0.0514505	19.510669133084452	0.0206553
0.0517567	19.605358789783935	0.0207553
0.0520632	19.7001045422516	0.0208553
0.0523699	19.79479419895108	0.0209553
0.0526768	19.88953995141875	0.0210553
0.052984	19.98422960811823	0.0211553
0.0532914	20.078919264817717	0.0212553
0.053599	20.173665017285384	0.0213553
0.0539069	20.26841076975305	0.0214553
0.054215	20.363100426452533	0.0215553
0.0545234	20.4578461789202	0.0216553
0.054832	20.55253583561968	0.0217553
0.0551409	20.64728158808735	0.0218553
0.05545	20.742027340555016	0.0219553
0.0557593	20.836716997254495	0.0220553
0.0560689	20.93146274972217	0.0221553
0.0563788	21.026208502189835	0.0222553
0.0566888	21.120898158889315	0.0223553
0.0569992	21.215643911356985	0.0224553
0.0573098	21.31038966382465	0.0225553
0.0576206	21.405135416292318	0.0226553
0.0579317	21.499881168759988	0.0227553
0.0582431	21.594626921227658	0.0228553
0.0585547	21.689316577927137	0.0229553
0.0588665	21.784062330394807	0.0230553
0.0591787	21.878808082862474	0.0231553
0.0594911	21.97355383533014	0.0232553
0.0598037	22.068299587797807	0.0233553
0.0601166	22.163045340265477	0.0234553
0.0604298	22.257791092733147	0.0235553
0.0607433	22.352536845200813	0.0236553
0.061057	22.44733869343667	0.0237553
0.061371	22.542084445904337	0.0238553
0.0616852	22.636830198372003	0.0239553
0.0619998	22.73157595083967	0.0240553
0.0623146	22.826321703307343	0.0241553
0.0626297	22.92106745577501	0.0242553
0.062945	23.015869304010863	0.0243553
0.0632607	23.11061505647853	0.0244553
0.0635766	23.2053608089462	0.0245553
0.0638928	23.300106561413866	0.0246553
0.0642093	23.394908409649723	0.0247553
0.0645261	23.489654162117393	0.0248553
0.0648432	23.58439991458506	0.0249553
0.0651606	23.679201762820913	0.0250553
0.0654782	23.77394751528858	0.0251553
0.0657962	23.86874936352444	0.0252553
0.0661145	23.963495115992107	0.0253553
0.066433	24.05829696422796	0.0254553
0.0667519	24.153042716695627	0.0255553
0.0670711	24.247844564931484	0.0256553
0.0673906	24.342590317399154	0.0257553
0.0677104	24.437392165635007	0.0258553
0.0680305	24.532137918102674	0.0259553
0.0683509	24.626939766338527	0.0260553
0.0686716	24.721741614574388	0.0261553
0.0689926	24.816487367042054	0.0262553
0.069314	24.911289215277908	0.0263553
0.0696357	25.00609106351376	0.0264553
0.0699577	25.100836815981427	0.0265553
0.0702801	25.195638664217288	0.0266553
0.0706027	25.29044051245314	0.0267553
0.0709257	25.385242360688995	0.0268553
0.0712491	25.480044208924852	0.0269553
0.0715728	25.57478996139252	0.0270553
0.0718968	25.669591809628376	0.0271553
0.0722211	25.76439365786423	0.0272553
0.0725458	25.859195506100082	0.0273553
0.0728709	25.95399735433594	0.0274553
0.0731963	26.048799202571793	0.0275553
0.073522	26.143601050807646	0.0276553
0.0738481	26.238402899043503	0.0277553
0.0741746	26.33320474727936	0.0278553
0.0745014	26.428006595515214	0.0279553
0.0748286	26.522808443751067	0.0280553
0.0751561	26.617610291986924	0.0281553
0.075484	26.712412140222778	0.0282553
0.0758123	26.807213988458635	0.0283553
0.0761409	26.90201583669449	0.0284553
0.07647	26.996817684930345	0.0285553
0.0767994	27.091675628934386	0.0286553
0.0771291	27.18647747717024	0.0287553
0.0774593	27.281279325406093	0.0288553
0.0777898	27.376081173641953	0.0289553
0.0781208	27.470883021877807	0.0290553
0.0784521	27.565740965881847	0.0291553
0.0787838	27.660542814117704	0.0292553
0.0791159	27.755344662353558	0.0293553
0.0794484	27.8502026063576	0.0294553
0.0797813	27.94500445459345	0.0295553
0.0801147	28.03980630282931	0.0296553
0.0804484	28.13466424683335	0.0297553
0.0807825	28.229466095069206	0.0298553
0.0811171	28.32432403907325	0.0299553
0.081452	28.419125887309104	0.0300553
0.0817874	28.513983831313144	0.0301553
0.0821232	28.608785679549	0.0302553
0.0824594	28.70364362355304	0.0303553
0.082796	28.798445471788895	0.0304553
0.0831331	28.89330341579294	0.0305553
0.0834706	28.988105264028793	0.0306553
0.0838086	29.082963208032833	0.0307553
0.0841469	29.177765056268694	0.0308553
0.0844857	29.272623000272734	0.0309553
0.084825	29.367480944276775	0.0310553
0.0851647	29.46228279251263	0.0311553
0.0855048	29.557140736516672	0.0312553
0.0858455	29.651998680520713	0.0313553
0.0861865	29.746856624524757	0.0314553
0.086528	29.84165847276061	0.0315553
0.08687	29.93651641676465	0.0316553
0.0872124	30.031374360768694	0.0317553
0.0875553	30.126232304772735	0.0318553
0.0878987	30.22103415300859	0.0319553
0.0882425	30.315892097012632	0.0320553
0.0885869	30.410750041016676	0.0321553
0.0889316	30.505607985020717	0.0322553
0.0892769	30.60046592902476	0.0323553
0.0896227	30.6953238730288	0.0324553
0.0899689	30.790181817032842	0.0325553
0.0903156	30.885039761036886	0.0326553
0.0906629	30.979897705040926	0.0327553
0.0910106	31.074755649044967	0.0328553
0.0913588	31.16961359304901	0.0329553
0.0917075	31.26447153705305	0.0330553
0.0920567	31.359329481057095	0.0331553
0.0924064	31.454187425061136	0.0332553
0.0927567	31.549045369065176	0.0333553
0.0931074	31.64390331306922	0.0334553
0.0934587	31.73876125707326	0.0335553
0.0938104	31.8336192010773	0.0336553
0.0941627	31.928477145081345	0.0337553
0.0945156	32.02339118485357	0.0338553
0.0948689	32.11824912885762	0.0339553
0.0952228	32.21310707286166	0.0340553
0.0955772	32.3079650168657	0.0341553
0.0959321	32.40287905663793	0.0342553
0.0962876	32.49773700064197	0.0343553
0.0966436	32.59259494464601	0.0344553
0.0970002	32.68745288865005	0.0345553
0.0973573	32.782366928422285	0.0346553
0.097715	32.877224872426325	0.0347553
0.0980732	32.97213891219855	0.0348553
0.098432	33.06699685620259	0.0349553
0.0987913	33.16185480020663	0.0350553
0.0991512	33.25676883997886	0.0351553
0.0995117	33.3516267839829	0.0352553
0.0998727	33.446540823755136	0.0353553
0.100234	33.541398767759176	0.0354553
0.100596	33.636312807531404	0.0355553
0.100959	33.731170751535444	0.0356553
0.101323	33.82608479130768	0.0357553
0.101686	33.92094273531172	0.0358553
0.102051	34.01585677508395	0.0359553
0.102416	34.11071471908799	0.0360553
0.102782	34.20562875886022	0.0361553
0.103148	34.30054279863245	0.0362553
0.103515	34.39540074263649	0.0363553
0.103882	34.49031478240872	0.0364553
0.10425	34.585228822180945	0.0365553
0.104619	34.680086766184985	0.0366553
0.104988	34.77500080595722	0.0367553
0.105358	34.86991484572945	0.0368553
0.105729	34.96477278973349	0.0369553
0.1061	35.05968682950572	0.0370553
0.106472	35.15460086927794	0.0371553
0.106844	35.24951490905018	0.0372553
0.107217	35.344428948822404	0.0373553
0.107591	35.439286892826445	0.0374553
0.107965	35.53420093259867	0.0375553
0.10834	35.62911497237091	0.0376553
0.108715	35.72402901214313	0.0377553
0.109091	35.81894305191536	0.0378553
0.109468	35.91385709168759	0.0379553
0.109846	36.008771131459824	0.0380553
0.110224	36.103685171232044	0.0381553
0.110603	36.19859921100428	0.0382553
0.110982	36.293513250776506	0.0383553
0.111362	36.38842729054873	0.0384553
0.111743	36.48334133032096	0.0385553
0.112124	36.57825537009319	0.0386553
0.112506	36.67316940986542	0.0387553
0.112889	36.76808344963764	0.0388553
0.113272	36.86299748940988	0.0389553
0.113656	36.957911529182105	0.0390553
0.114041	37.05282556895434	0.0391553
0.114427	37.14773960872656	0.0392553
0.114813	37.24270974426698	0.0393553
0.115199	37.3376237840392	0.0394553
0.115587	37.43253782381144	0.0395553
0.115975	37.527451863583664	0.0396553
0.116364	37.6223659033559	0.0397553
0.116754	37.71733603889631	0.0398553
0.117144	37.81225007866854	0.0399553
0.117535	37.90716411844077	0.0400553
0.117926	38.00213425398118	0.0401553
0.118319	38.09704829375341	0.0402553
0.118712	38.19196233352564	0.0403553
0.119106	38.28693246906605	0.0404553
0.1195	38.38184650883829	0.0405553
0.119895	38.476760548610514	0.0406553
0.120291	38.57173068415093	0.0407553
0.120688	38.66664472392316	0.0408553
0.121086	38.76161485946357	0.0409553
0.121484	38.856528899235805	0.0410553
0.121883	38.95149903477622	0.0411553
0.122282	39.04641307454845	0.0412553
0.122682	39.14138321008886	0.0413553
0.123084	39.236297249861096	0.0414553
0.123485	39.3312673854015	0.0415553
0.123888	39.42618142517374	0.0416553
0.124291	39.52115156071415	0.0417553
0.124695	39.61606560048638	0.0418553
0.1251	39.711035736026794	0.0419553
0.125506	39.806005871567216	0.0420553
0.125912	39.900919911339436	0.0421553
0.126319	39.99589004687986	0.0422553
0.126727	40.09086018242027	0.0423553
0.127136	40.18577422219251	0.0424553
0.127545	40.28074435773292	0.0425553
0.127955	40.37571449327333	0.0426553
0.128366	40.47068462881374	0.0427553
0.128778	40.56559866858598	0.0428553
0.12919	40.6605688041264	0.0429553
0.129604	40.75553893966681	0.0430553
0.130018	40.85050907520722	0.0431553
0.130433	40.945479210747635	0.0432553
0.130848	41.04044934628806	0.0433553
0.131265	41.135363386060284	0.0434553
0.131682	41.230333521600706	0.0435553
0.1321	41.32530365714111	0.0436553
0.132519	41.42027379268153	0.0437553
0.132938	41.51524392822195	0.0438553
0.133359	41.61021406376236	0.0439553
0.13378	41.70518419930278	0.0440553
0.134202	41.80015433484319	0.0441553
0.134625	41.895124470383614	0.0442553
0.135049	41.99009460592403	0.0443553
0.135473	42.08506474146444	0.0444553
0.135899	42.18003487700486	0.0445553
0.136325	42.27500501254527	0.0446553
0.136752	42.369975148085686	0.0447553
0.13718	42.4649452836261	0.0448553
0.137608	42.5599715149347	0.0449553
0.138038	42.65494165047512	0.0450553
0.138468	42.74991178601554	0.0451553
0.138899	42.84488192155595	0.0452553
0.139331	42.93985205709637	0.0453553
0.139764	43.03487828840497	0.0454553
0.140198	43.12984842394539	0.0455553
0.140632	43.224818559485804	0.0456553
0.141067	43.31978869502622	0.0457553
0.141504	43.41481492633482	0.0458553
0.141941	43.509785061875235	0.0459553
0.142379	43.604755197415656	0.0460553
0.142817	43.69972533295607	0.0461553
0.143257	43.79475156426467	0.0462553
0.143698	43.88972169980509	0.0463553
0.144139	43.98474793111369	0.0464553
0.144581	44.0797180666541	0.0465553
0.145024	44.17468820219452	0.0466553
0.145468	44.269714433503125	0.0467553
0.145913	44.36468456904353	0.0468553
0.146359	44.45971080035214	0.0469553
0.146806	44.55468093589256	0.0470553
0.147253	44.64970716720116	0.0471553
0.147702	44.74467730274158	0.0472553
0.148151	44.83970353405018	0.0473553
0.148601	44.934673669590595	0.0474553
0.149052	45.029699900899196	0.0475553
0.149504	45.124726132207805	0.0476553
0.149957	45.21969626774822	0.0477553
0.150411	45.31472249905682	0.0478553
0.150865	45.409692634597235	0.0479553
0.151321	45.504718865905836	0.0480553
0.151777	45.59974509721444	0.0481553
0.152235	45.69471523275485	0.0482553
0.152693	45.78974146406346	0.0483553
0.153152	45.88476769537206	0.0484553
0.153612	45.97979392668066	0.0485553
0.154073	46.07476406222108	0.0486553
0.154535	46.16979029352968	0.0487553
0.154998	46.26481652483828	0.0488553
0.155462	46.35984275614688	0.0489553
0.155927	46.454812891687304	0.0490553
0.156392	46.5498391229959	0.0491553
0.156859	46.64486535430451	0.0492553
0.157327	46.73989158561311	0.0493553
0.157795	46.83491781692171	0.0494553
0.158264	46.92994404823032	0.0495553
0.158735	47.02497027953892	0.0496553
0.159206	47.119996510847514	0.0497553
0.159678	47.21502274215612	0.0498553
0.160151	47.310048973464724	0.0499553
0.160626	47.405075204773325	0.0500553
0.161101	47.500101436081934	0.0501553
0.161577	47.595127667390535	0.0502553
0.162054	47.69015389869913	0.0503553
0.162532	47.78518013000773	0.0504553
0.16301	47.88020636131634	0.0505553
0.16349	47.97523259262494	0.0506553
0.163971	48.07025882393354	0.0507553
0.164453	48.16528505524215	0.0508553
0.164936	48.26031128655075	0.0509553
0.165419	48.35533751785935	0.0510553
0.165904	48.45041984493614	0.0511553
0.16639	48.545446076244744	0.0512553
0.166876	48.640472307553345	0.0513553
0.167364	48.73549853886195	0.0514553
0.167853	48.83052477017055	0.0515553
0.168342	48.92560709724734	0.0516553
0.168833	49.02063332855594	0.0517553
0.169324	49.11565955986455	0.0518553
0.169817	49.21074188694134	0.0519553
0.17031	49.30576811824994	0.0520553
0.170805	49.40079434955854	0.0521553
0.1713	49.49587667663533	0.0522553
0.171797	49.59090290794393	0.0523553
0.172294	49.685929139252536	0.0524553
0.172793	49.781011466329325	0.0525553
0.173292	49.87603769763793	0.0526553
0.173793	49.971120024714715	0.0527553
0.174294	50.06614625602332	0.0528553
0.174797	50.16122858310011	0.0529553
0.175301	50.25625481440871	0.0530553
0.175805	50.3513371414855	0.0531553
0.176311	50.4463633727941	0.0532553
0.176817	50.5414456998709	0.0533553
0.177325	50.63647193117949	0.0534553
0.177834	50.73155425825629	0.0535553
0.178343	50.82658048956489	0.0536553
0.178854	50.92166281664168	0.0537553
0.179366	51.01674514371847	0.0538553
0.179878	51.11177137502707	0.0539553
0.180392	51.206853702103864	0.0540553
0.180907	51.301936029180645	0.0541553
0.181423	51.39696226048925	0.0542553
0.18194	51.492044587566035	0.0543553
0.182458	51.58712691464283	0.0544553
0.182976	51.68220924171962	0.0545553
0.183496	51.77723547302822	0.0546553
0.184018	51.87231780010501	0.0547553
0.18454	51.967400127181804	0.0548553
0.185063	52.06248245425859	0.0549553
0.185587	52.15756478133538	0.0550553
0.186112	52.25259101264398	0.0551553
0.186638	52.34767333972077	0.0552553
0.187166	52.44275566679756	0.0553553
0.187694	52.537837993874355	0.0554553
0.188224	52.63292032095114	0.0555553
0.188754	52.728002648027925	0.0556553
0.189286	52.82308497510472	0.0557553
0.189818	52.91816730218151	0.0558553
0.190352	53.013249629258304	0.0559553
0.190887	53.108331956335086	0.0560553
0.191423	53.203414283411874	0.0561553
0.19196	53.29849661048867	0.0562553
0.192498	53.39357893756546	0.0563553
0.193037	53.48866126464224	0.0564553
0.193577	53.583743591719035	0.0565553
0.194118	53.67882591879582	0.0566553
0.194661	53.77390824587262	0.0567553
0.195204	53.8689905729494	0.0568553
0.195749	53.96412899579438	0.0569553
0.196294	54.059211322871164	0.0570553
0.196841	54.15429364994796	0.0571553
0.197389	54.24937597702475	0.0572553
0.197938	54.34445830410154	0.0573553
0.198487	54.43959672694652	0.0574553
0.199039	54.53467905402331	0.0575553
0.199591	54.62976138110009	0.0576553
0.200144	54.724843708176884	0.0577553
0.200698	54.81998213102186	0.0578553
0.201254	54.91506445809865	0.0579553
0.20181	55.010146785175436	0.0580553
0.202368	55.10528520802041	0.0581553
0.202927	55.20036753509721	0.0582553
0.203487	55.29550595794218	0.0583553
0.204048	55.39058828501897	0.0584553
0.20461	55.48567061209575	0.0585553
0.205173	55.580809034940735	0.0586553
0.205737	55.67589136201752	0.0587553
0.206303	55.771029784862506	0.0588553
0.206869	55.86611211193929	0.0589553
0.207437	55.96125053478427	0.0590553
0.208006	56.05633286186105	0.0591553
0.208576	56.15130299740147	0.0592553
0.209147	56.246665803319196	0.0593553
0.209719	56.34146765155506	0.0594553
0.210293	56.43683045747278	0.0595553
0.210867	56.5321932633905	0.0596553
0.211443	56.62699511162636	0.0597553
0.212019	56.72235791754408	0.0598553
0.212597	56.817159765779934	0.0599553
0.213176	56.91252257169766	0.0600553
0.213757	57.00732441993351	0.0601553
0.214338	57.102687225851234	0.0602553
0.21492	57.197489074087095	0.0603553
0.215504	57.29285188000482	0.0604553
0.216089	57.388214685922534	0.0605553
0.216674	57.483016534158395	0.0606553
0.217262	57.57837934007612	0.0607553
0.21785	57.67318118831198	0.0608553
0.218439	57.7685439942297	0.0609553
0.21903	57.86390680014742	0.0610553
0.219621	57.95870864838328	0.0611553
0.220214	58.054071454301	0.0612553
0.220808	58.148873302536856	0.0613553
0.221403	58.24423610845457	0.0614553
0.221999	58.3395989143723	0.0615553
0.222597	58.434400762608156	0.0616553
0.223195	58.52976356852588	0.0617553
0.223795	58.62456541676173	0.0618553
0.224396	58.71992822267946	0.0619553
0.224998	58.81473007091532	0.0620553
0.225601	58.91009287683304	0.0621553
0.226206	59.005455682750764	0.0622553
0.226811	59.10025753098662	0.0623553
0.227418	59.19562033690434	0.0624553
0.228026	59.290983142822064	0.0625553
0.228635	59.385784991057925	0.0626553
0.229245	59.48114779697565	0.0627553
0.229856	59.575949645211494	0.0628553
0.230469	59.671312451129225	0.0629553
0.231083	59.76667525704695	0.0630553
0.231698	59.8614771052828	0.0631553
0.232314	59.95683991120053	0.0632553
0.232931	60.05164175943638	0.0633553
0.233549	60.1470045653541	0.0634553
0.234169	60.24236737127183	0.0635553
0.23479	60.337169219507686	0.0636553
0.235412	60.43253202542541	0.0637553
0.236035	60.52789483134313	0.0638553
0.236659	60.622696679578986	0.0639553
0.237285	60.71805948549671	0.0640553
0.237912	60.81342229141443	0.0641553
0.238539	60.908224139650294	0.0642553
0.239168	61.00358694556802	0.0643553
0.239799	61.09838879380387	0.0644553
0.24043	61.193751599721594	0.0645553
0.241063	61.28911440563932	0.0646553
0.241696	61.38391625387518	0.0647553
0.242331	61.479279059792894	0.0648553
0.242967	61.57464186571062	0.0649553
0.243605	61.66944371394648	0.0650553
0.244243	61.7648065198642	0.0651553
0.244883	61.860169325781925	0.0652553
0.245523	61.95497117401778	0.0653553
0.246165	62.0503339799355	0.0654553
0.246808	62.145696785853225	0.0655553
0.247453	62.240498634089086	0.0656553
0.248098	62.33586144000681	0.0657553
0.248745	62.43122424592453	0.0658553
0.249392	62.526026094160386	0.0659553
0.250041	62.62138890007811	0.0660553
0.250691	62.71675170599583	0.0661553
0.251343	62.811553554231686	0.0662553
0.251995	62.90691636014942	0.0663553
0.252649	63.00227916606714	0.0664553
0.253303	63.09708101430299	0.0665553
0.253959	63.19244382022072	0.0666553
0.254616	63.28780662613844	0.0667553
0.255274	63.382608474374294	0.0668553
0.255934	63.47797128029202	0.0669553
0.256594	63.57333408620974	0.0670553
0.257255	63.668696892127464	0.0671553
0.257918	63.76349874036332	0.0672553
0.258582	63.85886154628105	0.0673553
0.259247	63.95422435219877	0.0674553
0.259913	64.04902620043462	0.0675553
0.26058	64.14438900635236	0.0676553
0.261248	64.23975181227007	0.0677553
0.261917	64.33455366050592	0.0678553
0.262587	64.42991646642365	0.0679553
0.263259	64.52527927234138	0.0680553
0.263931	64.6206420782591	0.0681553
0.264605	64.71544392649496	0.0682553
0.265279	64.81080673241269	0.0683553
0.265955	64.9061695383304	0.0684553
0.266632	65.00097138656625	0.0685553
0.267309	65.09633419248398	0.0686553
0.267988	65.1916969984017	0.0687553
0.268667	65.28705980431943	0.0688553
0.269348	65.38186165255529	0.0689553
0.27003	65.477224458473	0.0690553
0.270712	65.57258726439073	0.0691553
0.271395	65.6673891126266	0.0692553
0.27208	65.76275191854431	0.0693553
0.272765	65.85811472446204	0.0694553
0.273451	65.95347753037976	0.0695553
0.274138	66.0482793786156	0.0696553
0.274826	66.14364218453333	0.0697553
0.275514	66.23900499045105	0.0698553
0.276203	66.33436779636878	0.0699553
0.276893	66.42916964460464	0.0700553
0.277584	66.52453245052236	0.0701553
0.278275	66.61989525644009	0.0702553
0.278967	66.71525806235782	0.0703553
0.279659	66.81005991059367	0.0704553
0.280352	66.9054227165114	0.0705553
0.281046	67.00078552242911	0.0706553
0.281739	67.09614832834684	0.0707553
0.282433	67.19095017658269	0.0708553
0.283128	67.2863129825004	0.0709553
0.283822	67.38167578841814	0.0710553
0.284516	67.47703859433587	0.0711553
0.285211	67.57184044257171	0.0712553
0.285905	67.66720324848944	0.0713553
0.286598	67.76256605440717	0.0714553
0.287291	67.85792886032489	0.0715553
0.287983	67.95273070856075	0.0716553
0.288675	68.04809351447848	0.0717553
0.283464	68.1434563203962	0.0718553
0.291958	69.09596246420969	0.0728553
0.300666	70.0484686080232	0.0738553
0.309591	71.00097475183671	0.0748553
0.318738	71.9534808956502	0.0758553
0.328111	72.90654799714557	0.0768553
0.337713	73.85905414095907	0.0778553
0.347548	74.81212124245444	0.0788553
0.357619	75.76574930163169	0.0798553
0.367932	76.71881640312705	0.0808553
0.37849	77.6724444623043	0.0818553
0.389295	78.62607252148153	0.0828553
0.400354	79.57970058065877	0.0838553
0.411669	80.53332863983601	0.0848553
0.423244	81.48751765669512	0.0858553
0.435083	82.44170667355422	0.0868553
0.44719	83.39589569041334	0.0878553
0.459569	84.35008470727244	0.0888553
0.472224	85.30483468181343	0.0898553
0.485159	86.2595846563544	0.0908553
0.498377	87.21433463089538	0.0918553
0.511883	88.16908460543637	0.0928553
0.525681	89.12439553765921	0.0938553
0.539774	90.07970646988205	0.0948553
0.554167	91.0350174021049	0.0958553
0.568862	91.99088929200961	0.0968553
0.583865	92.94620022423246	0.0978553
0.59918	93.90207211413717	0.0988553
0.614809	94.85850496172375	0.0998553
0.630758	95.81437685162848	0.100855
0.647029	96.77080969921505	0.101855
0.663628	97.72724254680165	0.102855
0.680557	98.68423635207009	0.103855
0.697821	99.64066919965668	0.104855
0.715424	100.59766300492512	0.105855
0.733369	101.55521776787545	0.106855
0.751661	102.51221157314392	0.107855
0.770303	103.46976633609424	0.108855
0.7893	104.42788205672643	0.109855
0.808655	105.38543681967674	0.110855
0.828372	106.34355254030893	0.111855
0.848456	107.30166826094113	0.112855
0.868909	108.26034493925519	0.113855
0.889736	109.21902161756925	0.114855
0.910941	110.1776982958833	0.115855
0.932528	111.13637497419737	0.116855
0.9545	112.0956126101933	0.117855
0.976801	113.05485024618923	0.118855
1.09244	117.85440417226008	0.123855
1.21709	122.65844575978589	0.128855
1.35174	127.46809692413039	0.133855
1.49709	132.28279670761174	0.138855
1.65375	137.10254511022987	0.143855
1.82228	141.9279030896667	0.148855
2.00322	146.75943160360407	0.153855
2.19708	151.59713065204204	0.158855
2.40435	156.44100023498055	0.163855
2.62554	161.29160131010147	0.168855
2.86112	166.14893387740483	0.173855
3.11155	171.01299793689063	0.178855
3.3773	175.8843544462407	0.183855
3.65882	180.76300340545512	0.188855
3.95654	185.64950577221566	0.193855
4.2709	190.54386154652238	0.198855
4.60233	195.44663168605712	0.203855
4.95126	200.35725523313803	0.208855
5.31809	205.27685410312884	0.213855
5.70324	210.2048673383477	0.218855
6.10712	215.14241685415834	0.223855
6.53011	220.08894169287885	0.228855
6.97262	225.04444185450927	0.233855
7.43504	230.01003925441336	0.238855
7.91773	234.98573389259107	0.243855
8.4211	239.97096481136057	0.248855
8.94551	244.96685392608555	0.253855
9.49133	249.97340123676608	0.258855
10.0589	254.99060674340208	0.263855
10.6487	260.01903140367546	0.268855
11.2609	265.0581142599044	0.273855
11.8961	270.10897722745256	0.278855
12.5544	275.17105934863804	0.283855
13.2363	280.2454825388247	0.288855
13.9421	285.33168584033064	0.293855
14.6722	290.4296692531558	0.298855
15.4268	295.54055469266393	0.303855
16.2064	300.66378120117315	0.308855
17.0113	305.7999097363654	0.313855
17.8418	310.9495012559225	0.318855
18.6983	316.1119948021626	0.323855
19.581	321.28739037508564	0.328855
20.4903	326.4773708477373	0.333855
21.4265	331.6802533470719	0.338855
22.39	336.89772074613524	0.343855
23.381	342.12921208724515	0.348855
24.3999	347.37528832808374	0.353855
25.447	352.6359494686509	0.358855
26.5227	357.9111955089466	0.363855
27.6271	363.20158740665283	0.368855
28.7607	368.50712516176947	0.373855
29.9237	373.8278087742966	0.378855
31.1165	379.16419920191606	0.383855
32.3393	384.5162964446278	0.388855
33.5925	389.884100502432	0.393855
34.8763	395.2681723330103	0.398855
36.1911	400.6685119363628	0.403855
37.5371	406.0856802701714	0.408855
38.9147	411.5191163767542	0.413855
40.3241	416.96938121379304	0.418855
41.7657	422.4370357389698	0.423855
43.2396	427.9215189946027	0.428855
44.7463	433.4233919383735	0.433855
46.286	438.9432155279641	0.438855
47.8589	444.48042880569267	0.443855
49.4655	450.03559272924105	0.448855
51.1058	455.60870729860915	0.453855
52.7803	461.20033347147904	0.458855
54.4893	466.80991029016866	0.463855
56.2329	472.43855967004185	0.468855
58.0115	478.08572065341673	0.473855
59.8253	483.7519541979751	0.478855
61.6747	489.4372603037171	0.483855
63.5599	495.1421999283245	0.488855
65.4812	500.86621211411534	0.493855
67.4388	506.6098578187717	0.498855
69.4331	512.3736979999753	0.503855
71.4643	518.1571717000444	0.508855
73.5328	523.9608398766607	0.513855
75.6386	529.7852634875061	0.518855
77.7823	535.6293206172169	0.523855
79.9639	541.4946941388389	0.528855
82.1839	547.38082309469	0.533855
84.4424	553.2877074847701	0.538855
86.7399	559.2153473090794	0.543855
89.0764	565.1648644829817	0.548855
91.4524	571.1334542180675	0.553855
93.8681	577.1300918372467	0.558855
96.3238	583.143558186882	0.563855
98.8198	589.1794628437921	0.568855
101.356	595.2378058079769	0.573855
103.934	601.3185870794365	0.578855
106.552	607.4218066581708	0.583855
109.212	613.5474645441799	0.588855
111.914	619.6955607374638	0.593855
114.658	625.8660952380224	0.598855
117.444	632.0590680458557	0.603855
120.272	638.2800887377824	0.608855
123.144	644.5179381601654	0.613855
126.058	650.7838354666417	0.618855
129.017	657.0721710803928	0.623855
132.019	663.3829450014186	0.628855
135.065	669.721766806538	0.633855
138.155	676.083026918932	0.638855
141.29	682.4667253386008	0.643855
144.47	688.8728620655445	0.648855
147.696	695.3070466765814	0.653855
150.967	701.7692791717119	0.658855
154.283	708.2539499741171	0.663855
157.646	714.7610590837971	0.668855
161.055	721.2962160775706	0.673855
164.511	727.8538113786187	0.678855
168.014	734.4394545637604	0.683855
171.564	741.0531456329954	0.688855
175.162	747.6892750095053	0.693855
178.807	754.3534522701086	0.698855
182.5	761.0400678379867	0.703855
186.241	767.7547312899582	0.708855
190.031	774.4974426260231	0.713855
193.869	781.2682018461816	0.718855
197.756	788.0670089504333	0.723855
201.691	794.88825436196	0.728855
205.676	801.73754765758	0.733855
209.709	808.6148888372935	0.738855
213.792	815.5202779011005	0.743855
217.924	822.4537148490009	0.748855
222.105	829.4151996809948	0.753855
226.335	836.3991228202634	0.758855
230.615	843.416703420444	0.763855
234.943	850.4623319047183	0.768855
239.321	857.536008273086	0.773855
243.746	864.6377325255471	0.778855
248.221	871.7675046621016	0.783855
252.743	878.9253246827496	0.788855
257.313	886.111192587491	0.793855
261.931	893.3251083763258	0.798855
266.595	900.5726816260728	0.803855
271.305	907.8483027599134	0.808855
276.062	915.1519717778474	0.813855
280.862	922.4836886798747	0.818855
285.707	929.8490630428142	0.823855
290.595	937.2368757130284	0.828855
295.525	944.6583458441548	0.833855
300.495	952.1134734361933	0.838855
305.505	959.5910393355066	0.843855
310.554	967.1022626957321	0.848855
315.639	974.641533940051	0.853855
320.759	982.214462645282	0.858855
325.912	989.8154392346065	0.863855
331.096	997.4444637080244	0.868855
336.309	1005.1071456423545	0.873855
341.55	1012.7978754607778	0.878855
346.814	1020.5166531632948	0.883855
352.1	1028.2634787499053	0.888855
357.406	1036.0439617974278	0.893855
362.727	1043.8581023058625	0.898855
368.061	1051.6946811215719	0.903855
373.404	1059.5649173981935	0.908855
378.753	1067.4632015589086	0.913855
384.104	1075.389533603717	0.918855
389.453	1083.343913532619	0.923855
394.796	1091.331950922433	0.928855
400.128	1099.3424266195216	0.933855
405.446	1107.3865597775227	0.938855
410.744	1115.458740819617	0.943855
416.017	1123.558969745805	0.948855
421.261	1131.6816369792675	0.953855
426.47	1139.8379616736422	0.958855
431.639	1148.016724675292	0.963855
436.763	1156.2235355610349	0.968855
441.837	1164.458394330871	0.973855
446.855	1172.721300984801	0.978855
451.813	1181.0066459460056	0.983855
456.704	1189.314429214485	0.988855
461.524	1197.6502603670579	0.993855
466.269	1206.0085298269053	0.998855
470.935	1214.3948471708463	1.00386
475.516	1222.7979932452436	1.00886
480.011	1231.229187203734	1.01386
484.415	1239.6772098926806	1.01886
488.727	1248.147670888902	1.02386
492.946	1256.640570192398	1.02886
497.071	1265.155907803169	1.03386
501.103	1273.688074144396	1.03886
505.042	1282.2370692160791	1.04386
508.893	1290.8085025950365	1.04886
512.66	1299.3967647044506	1.05386
516.348	1308.0018555443205	1.05886
519.964	1316.6237751146466	1.06386
523.519	1325.268132992247	1.06886
527.024	1333.9237100234852	1.07386
530.494	1342.5961157851793	1.07886
533.947	1351.2853502773298	1.08386
537.41	1359.991413499936	1.08886
540.93	1368.70869587618	1.09386
544.502	1377.4484165596982	1.09886
548.26	1386.1993563968542	1.10386
551.368	1394.9727345412848	1.10886
555.308	1403.7573318393527	1.11386
