1e-10 165821 6.72314e-13
1.02e-10 169138 6.94882e-13
1.0404e-10 172521 7.18197e-13
1.06121e-10 175971 7.42284e-13
1.08243e-10 179491 7.67166e-13
1.10408e-10 183080 7.92871e-13
1.12616e-10 186742 8.19425e-13
1.14869e-10 190477 8.46855e-13
1.17166e-10 194286 8.7519e-13
1.19509e-10 198172 9.0446e-13
1.21899e-10 202136 9.34694e-13
1.24337e-10 206178 9.65924e-13
1.26824e-10 210302 9.98182e-13
1.29361e-10 214508 1.0315e-12
1.31948e-10 218798 1.06592e-12
1.34587e-10 223174 1.10146e-12
1.37279e-10 227638 1.13818e-12
1.40024e-10 232191 1.1761e-12
1.42825e-10 236834 1.21526e-12
1.45681e-10 241571 1.25571e-12
1.48595e-10 246403 1.29749e-12
1.51567e-10 251331 1.34063e-12
1.54598e-10 256357 1.38518e-12
1.5769e-10 261485 1.4312e-12
1.60844e-10 266714 1.47872e-12
1.64061e-10 272049 1.52779e-12
1.67342e-10 277490 1.57846e-12
1.70689e-10 283040 1.63079e-12
1.74102e-10 288700 1.68483e-12
1.77584e-10 294475 1.74063e-12
1.81136e-10 300364 1.79824e-12
1.84759e-10 306371 1.85774e-12
1.88454e-10 312499 1.91917e-12
1.92223e-10 318749 1.9826e-12
1.96068e-10 325124 2.04809e-12
1.99989e-10 331627 2.11571e-12
2.03989e-10 338259 2.18553e-12
2.08069e-10 345024 2.25761e-12
2.1223e-10 351925 2.33203e-12
2.16474e-10 358964 2.40886e-12
2.20804e-10 366143 2.48818e-12
2.2522e-10 373466 2.57007e-12
2.29724e-10 380935 2.65461e-12
2.34319e-10 388554 2.74188e-12
2.39005e-10 396325 2.83198e-12
2.43785e-10 404252 2.92498e-12
2.48661e-10 412337 3.02099e-12
2.53634e-10 420584 3.12009e-12
2.58707e-10 428996 3.22238e-12
2.63881e-10 437576 3.32798e-12
2.69159e-10 446327 3.43697e-12
2.74542e-10 455254 3.54946e-12
2.80033e-10 464359 3.66558e-12
2.85633e-10 473647 3.78542e-12
2.91346e-10 483120 3.90911e-12
2.97173e-10 492782 4.03678e-12
3.03117e-10 502638 4.16853e-12
3.09179e-10 512691 4.30451e-12
3.15362e-10 522945 4.44484e-12
3.2167e-10 533404 4.58966e-12
3.28103e-10 544072 4.73912e-12
3.34665e-10 554954 4.89335e-12
3.41358e-10 566053 5.0525e-12
3.48186e-10 577374 5.21674e-12
3.55149e-10 588922 5.38621e-12
3.62252e-10 600701 5.56108e-12
3.69497e-10 612715 5.74153e-12
3.76887e-10 624969 5.92771e-12
3.84425e-10 637469 6.11982e-12
3.92114e-10 650218 6.31803e-12
3.99956e-10 663223 6.52254e-12
4.07955e-10 676488 6.73354e-12
4.16114e-10 690018 6.95123e-12
4.24436e-10 703818 7.17582e-12
4.32925e-10 717895 7.40752e-12
4.41584e-10 732253 7.64655e-12
4.50415e-10 746898 7.89314e-12
4.59424e-10 761837 8.14752e-12
4.68612e-10 777074 8.40994e-12
4.77984e-10 792616 8.68063e-12
4.87544e-10 808468 8.95986e-12
4.97295e-10 824638 9.24789e-12
5.07241e-10 841131 9.54499e-12
5.17386e-10 857954 9.85143e-12
5.27733e-10 875113 1.01675e-11
5.38288e-10 892616 1.04935e-11
5.49054e-10 910469 1.08297e-11
5.60035e-10 928678 1.11765e-11
5.71235e-10 947252 1.15342e-11
5.8266e-10 966198 1.1903e-11
5.94313e-10 985522 1.22834e-11
6.062e-10 1.00523e+06 1.26757e-11
6.18324e-10 1.02534e+06 1.30803e-11
6.3069e-10 1.04585e+06 1.34974e-11
6.43304e-10 1.06676e+06 1.39276e-11
6.5617e-10 1.0881e+06 1.43712e-11
6.69293e-10 1.10986e+06 1.48287e-11
6.82679e-10 1.13206e+06 1.53003e-11
6.96333e-10 1.1547e+06 1.57866e-11
7.10259e-10 1.1778e+06 1.62881e-11
7.24465e-10 1.20135e+06 1.68051e-11
7.38954e-10 1.22538e+06 1.73381e-11
7.53733e-10 1.24989e+06 1.78877e-11
7.68808e-10 1.27489e+06 1.84543e-11
7.84184e-10 1.30038e+06 1.90385e-11
7.99867e-10 1.32639e+06 1.96407e-11
8.15865e-10 1.35292e+06 2.02615e-11
8.32182e-10 1.37998e+06 2.09015e-11
8.48826e-10 1.40758e+06 2.15612e-11
8.65802e-10 1.43573e+06 2.22413e-11
8.83118e-10 1.46445e+06 2.29423e-11
9.00781e-10 1.49374e+06 2.36649e-11
9.18796e-10 1.52361e+06 2.44098e-11
9.37172e-10 1.55409e+06 2.51775e-11
9.55916e-10 1.58517e+06 2.59688e-11
9.75034e-10 1.61687e+06 2.67844e-11
9.94535e-10 1.64921e+06 2.7625e-11
1.01443e-09 1.6822e+06 2.84913e-11
1.03471e-09 1.71584e+06 2.93841e-11
1.05541e-09 1.75016e+06 3.03043e-11
1.07652e-09 1.78517e+06 3.12525e-11
1.09805e-09 1.82087e+06 3.22298e-11
1.12001e-09 1.85729e+06 3.32368e-11
1.14241e-09 1.89444e+06 3.42745e-11
1.16526e-09 1.93233e+06 3.53439e-11
1.18856e-09 1.97097e+06 3.64458e-11
1.21233e-09 2.01039e+06 3.75811e-11
1.23658e-09 2.0506e+06 3.8751e-11
1.26131e-09 2.09162e+06 3.99564e-11
1.28654e-09 2.13345e+06 4.11984e-11
1.31227e-09 2.17612e+06 4.2478e-11
1.33851e-09 2.21964e+06 4.37964e-11
1.36528e-09 2.26404e+06 4.51546e-11
1.39259e-09 2.30932e+06 4.65539e-11
1.42044e-09 2.35551e+06 4.79955e-11
1.44885e-09 2.40262e+06 4.94806e-11
1.47783e-09 2.45068e+06 5.10105e-11
1.50738e-09 2.49969e+06 5.25865e-11
1.53753e-09 2.54969e+06 5.42099e-11
1.56828e-09 2.60068e+06 5.58822e-11
1.59965e-09 2.6527e+06 5.76048e-11
1.63164e-09 2.70575e+06 5.9379e-11
1.66427e-09 2.75987e+06 6.12066e-11
1.69756e-09 2.81507e+06 6.30889e-11
1.73151e-09 2.87138e+06 6.50277e-11
1.76614e-09 2.9288e+06 6.70244e-11
1.80146e-09 2.98738e+06 6.90809e-11
1.83749e-09 3.04713e+06 7.11989e-11
1.87424e-09 3.10808e+06 7.33801e-11
1.91173e-09 3.17024e+06 7.56264e-11
1.94996e-09 3.23365e+06 7.79397e-11
1.98896e-09 3.29833e+06 8.03219e-11
2.02874e-09 3.3643e+06 8.2775e-11
2.06931e-09 3.43158e+06 8.5301e-11
2.1107e-09 3.50022e+06 8.79021e-11
2.15291e-09 3.57023e+06 9.05805e-11
2.19597e-09 3.64164e+06 9.33383e-11
2.23989e-09 3.71447e+06 9.61779e-11
2.28469e-09 3.78876e+06 9.91016e-11
2.33038e-09 3.86454e+06 1.02112e-10
2.37699e-09 3.94184e+06 1.05211e-10
2.42453e-09 4.02068e+06 1.08402e-10
2.47302e-09 4.1011e+06 1.11687e-10
2.52248e-09 4.18312e+06 1.15069e-10
2.57293e-09 4.26679e+06 1.1855e-10
2.62439e-09 4.35213e+06 1.22135e-10
2.67688e-09 4.43918e+06 1.25824e-10
2.73042e-09 4.52796e+06 1.29623e-10
2.78502e-09 4.61853e+06 1.33532e-10
2.84072e-09 4.7109e+06 1.37557e-10
2.89754e-09 4.80513e+06 1.417e-10
2.95549e-09 4.90123e+06 1.45964e-10
3.0146e-09 4.99926e+06 1.50353e-10
3.07489e-09 5.09925e+06 1.5487e-10
3.13639e-09 5.20124e+06 1.5952e-10
3.19912e-09 5.30528e+06 1.64305e-10
3.2631e-09 5.41139e+06 1.69231e-10
3.32836e-09 5.51962e+06 1.743e-10
3.39493e-09 5.63002e+06 1.79516e-10
3.46283e-09 5.74263e+06 1.84885e-10
3.53208e-09 5.85749e+06 1.9041e-10
3.60272e-09 5.97464e+06 1.96096e-10
3.67478e-09 6.09414e+06 2.01947e-10
3.74827e-09 6.21603e+06 2.07968e-10
3.82324e-09 6.34036e+06 2.14164e-10
3.89971e-09 6.46717e+06 2.20539e-10
3.9777e-09 6.59653e+06 2.27099e-10
4.05725e-09 6.72847e+06 2.33849e-10
4.1384e-09 6.86304e+06 2.40795e-10
4.22117e-09 7.00031e+06 2.47941e-10
4.30559e-09 7.14033e+06 2.55294e-10
4.3917e-09 7.28314e+06 2.62859e-10
4.47954e-09 7.42882e+06 2.70642e-10
4.56913e-09 7.5774e+06 2.7865e-10
4.66051e-09 7.72896e+06 2.86888e-10
4.75372e-09 7.88355e+06 2.95364e-10
4.84879e-09 8.04123e+06 3.04083e-10
4.94577e-09 8.20207e+06 3.13053e-10
5.04468e-09 8.36612e+06 3.22281e-10
5.14558e-09 8.53345e+06 3.31774e-10
5.24849e-09 8.70413e+06 3.41539e-10
5.35346e-09 8.87823e+06 3.51584e-10
5.46053e-09 9.05581e+06 3.61916e-10
5.56974e-09 9.23694e+06 3.72544e-10
5.68113e-09 9.42169e+06 3.83477e-10
5.79476e-09 9.61014e+06 3.94722e-10
5.91065e-09 9.80235e+06 4.06288e-10
6.02886e-09 9.99842e+06 4.18184e-10
6.14944e-09 1.01984e+07 4.3042e-10
6.27243e-09 1.04024e+07 4.43004e-10
6.39788e-09 1.06104e+07 4.55947e-10
6.52584e-09 1.08227e+07 4.69259e-10
6.65635e-09 1.10391e+07 4.82949e-10
6.78948e-09 1.12599e+07 4.97028e-10
6.92527e-09 1.14852e+07 5.11508e-10
7.06378e-09 1.17149e+07 5.26398e-10
7.20505e-09 1.19492e+07 5.41711e-10
7.34915e-09 1.21882e+07 5.57459e-10
7.49614e-09 1.2432e+07 5.73652e-10
7.64606e-09 1.26806e+07 5.90305e-10
7.79898e-09 1.29343e+07 6.07428e-10
7.95496e-09 1.3193e+07 6.25036e-10
8.11406e-09 1.34569e+07 6.43142e-10
8.27634e-09 1.3726e+07 6.61759e-10
8.44187e-09 1.40006e+07 6.80901e-10
8.6107e-09 1.42806e+07 7.00584e-10
8.78292e-09 1.45662e+07 7.20822e-10
8.95858e-09 1.48576e+07 7.41629e-10
9.13775e-09 1.51548e+07 7.63023e-10
9.3205e-09 1.54579e+07 7.8502e-10
9.50691e-09 1.57671e+07 8.07634e-10
9.69705e-09 1.60825e+07 8.30885e-10
9.89099e-09 1.64041e+07 8.54789e-10
1.00888e-08 1.67323e+07 8.79363e-10
1.02906e-08 1.70669e+07 9.04628e-10
1.04964e-08 1.74083e+07 9.30601e-10
1.07063e-08 1.77565e+07 9.57302e-10
1.09205e-08 1.81117e+07 9.84751e-10
1.11389e-08 1.84739e+07 1.01297e-09
1.13616e-08 1.88434e+07 1.04198e-09
1.15889e-08 1.92204e+07 1.07179e-09
1.18207e-08 1.96048e+07 1.10245e-09
1.20571e-08 1.99969e+07 1.13395e-09
1.22982e-08 2.03969e+07 1.16634e-09
1.25442e-08 2.08049e+07 1.19963e-09
1.27951e-08 2.1221e+07 1.23385e-09
1.3051e-08 2.16455e+07 1.26903e-09
1.3312e-08 2.20785e+07 1.30518e-09
1.35782e-08 2.25201e+07 1.34234e-09
1.38498e-08 2.29705e+07 1.38053e-09
1.41268e-08 2.343e+07 1.41979e-09
1.44093e-08 2.38986e+07 1.46014e-09
1.46975e-08 2.43767e+07 1.50161e-09
1.49914e-08 2.48643e+07 1.54423e-09
1.52913e-08 2.53616e+07 1.58803e-09
1.55971e-08 2.58689e+07 1.63305e-09
1.5909e-08 2.63863e+07 1.67931e-09
1.62272e-08 2.69141e+07 1.72686e-09
1.65518e-08 2.74524e+07 1.77573e-09
1.68828e-08 2.80016e+07 1.82595e-09
1.72205e-08 2.85617e+07 1.87756e-09
1.75649e-08 2.9133e+07 1.93059e-09
1.79162e-08 2.97157e+07 1.9851e-09
1.82745e-08 3.03101e+07 2.04111e-09
1.864e-08 3.09164e+07 2.09866e-09
1.90128e-08 3.15348e+07 2.15781e-09
1.9393e-08 3.21655e+07 2.21858e-09
1.97809e-08 3.28089e+07 2.28103e-09
2.01765e-08 3.34652e+07 2.34521e-09
2.058e-08 3.41346e+07 2.41115e-09
2.09916e-08 3.48173e+07 2.47891e-09
2.14115e-08 3.55138e+07 2.54854e-09
2.18397e-08 3.62241e+07 2.62008e-09
2.22765e-08 3.69487e+07 2.69359e-09
2.2722e-08 3.76878e+07 2.76911e-09
2.31765e-08 3.84417e+07 2.84672e-09
2.364e-08 3.92106e+07 2.92646e-09
2.41128e-08 3.99949e+07 3.00838e-09
2.45951e-08 4.07949e+07 3.09256e-09
2.5087e-08 4.16109e+07 3.17904e-09
2.55887e-08 4.24433e+07 3.2679e-09
2.61005e-08 4.32922e+07 3.35919e-09
2.66225e-08 4.41582e+07 3.45298e-09
2.71549e-08 4.50415e+07 3.54934e-09
2.7698e-08 4.59425e+07 3.64834e-09
2.8252e-08 4.68614e+07 3.75005e-09
2.8817e-08 4.77988e+07 3.85454e-09
2.93934e-08 4.87549e+07 3.96189e-09
2.99812e-08 4.97302e+07 4.07218e-09
3.05809e-08 5.07249e+07 4.18547e-09
3.11925e-08 5.17396e+07 4.30186e-09
3.18163e-08 5.27745e+07 4.42143e-09
3.24526e-08 5.38302e+07 4.54426e-09
3.31017e-08 5.49069e+07 4.67045e-09
3.37637e-08 5.60052e+07 4.80007e-09
3.4439e-08 5.71255e+07 4.93323e-09
3.51278e-08 5.82682e+07 5.07001e-09
3.58303e-08 5.94337e+07 5.21052e-09
3.6547e-08 6.06226e+07 5.35486e-09
3.72779e-08 6.18353e+07 5.50313e-09
3.80235e-08 6.30722e+07 5.65543e-09
3.87839e-08 6.43338e+07 5.81187e-09
3.95596e-08 6.56207e+07 5.97257e-09
4.03508e-08 6.69333e+07 6.13763e-09
4.11578e-08 6.82722e+07 6.30718e-09
4.1981e-08 6.96379e+07 6.48134e-09
4.28206e-08 7.10309e+07 6.66022e-09
4.3677e-08 7.24517e+07 6.84396e-09
4.45505e-08 7.3901e+07 7.03268e-09
4.54415e-08 7.53793e+07 7.22653e-09
4.63504e-08 7.68871e+07 7.42563e-09
4.72774e-08 7.84251e+07 7.63012e-09
4.82229e-08 7.99939e+07 7.84016e-09
4.91874e-08 8.15941e+07 8.05589e-09
5.01711e-08 8.32263e+07 8.27746e-09
5.11746e-08 8.48911e+07 8.50503e-09
5.2198e-08 8.65892e+07 8.73875e-09
5.3242e-08 8.83213e+07 8.9788e-09
5.43069e-08 9.00881e+07 9.22534e-09
5.5393e-08 9.18902e+07 9.47855e-09
5.65008e-08 9.37283e+07 9.7386e-09
5.76309e-08 9.56032e+07 1.00057e-08
5.87835e-08 9.75157e+07 1.028e-08
5.99592e-08 9.94663e+07 1.05617e-08
6.11583e-08 1.01456e+08 1.0851e-08
6.23815e-08 1.03486e+08 1.11481e-08
6.36291e-08 1.05556e+08 1.14532e-08
6.49017e-08 1.07667e+08 1.17666e-08
6.61997e-08 1.09821e+08 1.20884e-08
6.75237e-08 1.12018e+08 1.24188e-08
6.88742e-08 1.14259e+08 1.27582e-08
7.02517e-08 1.16544e+08 1.31067e-08
7.16567e-08 1.18876e+08 1.34647e-08
7.30899e-08 1.21254e+08 1.38322e-08
7.45517e-08 1.23679e+08 1.42096e-08
7.60427e-08 1.26153e+08 1.45972e-08
7.75636e-08 1.28677e+08 1.49953e-08
7.91148e-08 1.31251e+08 1.5404e-08
8.06971e-08 1.33877e+08 1.58237e-08
8.23111e-08 1.36555e+08 1.62547e-08
8.39573e-08 1.39286e+08 1.66973e-08
8.56364e-08 1.42073e+08 1.71517e-08
8.73492e-08 1.44915e+08 1.76184e-08
8.90961e-08 1.47814e+08 1.80976e-08
9.08781e-08 1.50771e+08 1.85897e-08
9.26956e-08 1.53787e+08 1.9095e-08
9.45495e-08 1.56863e+08 1.96138e-08
9.64405e-08 1.60001e+08 2.01465e-08
9.83693e-08 1.63202e+08 2.06935e-08
1.00337e-07 1.66467e+08 2.12552e-08
1.02343e-07 1.69797e+08 2.1832e-08
1.0439e-07 1.73193e+08 2.24242e-08
1.06478e-07 1.76658e+08 2.30322e-08
1.08608e-07 1.80192e+08 2.36566e-08
1.1078e-07 1.83797e+08 2.42976e-08
1.12995e-07 1.87474e+08 2.49559e-08
1.15255e-07 1.91224e+08 2.56317e-08
1.1756e-07 1.95049e+08 2.63256e-08
1.19912e-07 1.98951e+08 2.70381e-08
1.2231e-07 2.02931e+08 2.77696e-08
1.24756e-07 2.06991e+08 2.85207e-08
1.27251e-07 2.11132e+08 2.92918e-08
1.29796e-07 2.15356e+08 3.00836e-08
1.32392e-07 2.19664e+08 3.08965e-08
1.3504e-07 2.24058e+08 3.17311e-08
1.37741e-07 2.2854e+08 3.2588e-08
1.40496e-07 2.33112e+08 3.34678e-08
1.43306e-07 2.37776e+08 3.43711e-08
1.46172e-07 2.42533e+08 3.52984e-08
1.49095e-07 2.47385e+08 3.62506e-08
1.52077e-07 2.52334e+08 3.72281e-08
1.55119e-07 2.57382e+08 3.82316e-08
1.58221e-07 2.62531e+08 3.92619e-08
1.61385e-07 2.67783e+08 4.03197e-08
1.64613e-07 2.7314e+08 4.14057e-08
1.67905e-07 2.78604e+08 4.25206e-08
1.71263e-07 2.84178e+08 4.36652e-08
1.74689e-07 2.89863e+08 4.48402e-08
1.78182e-07 2.95662e+08 4.60466e-08
1.81746e-07 3.01577e+08 4.7285e-08
1.85381e-07 3.0761e+08 4.85565e-08
1.89089e-07 3.13764e+08 4.98617e-08
1.9287e-07 3.20041e+08 5.12017e-08
1.96728e-07 3.26443e+08 5.25773e-08
2.00662e-07 3.32974e+08 5.39894e-08
2.04676e-07 3.39636e+08 5.54391e-08
2.08769e-07 3.4643e+08 5.69274e-08
2.12945e-07 3.53361e+08 5.84551e-08
2.17203e-07 3.6043e+08 6.00235e-08
2.21547e-07 3.67641e+08 6.16335e-08
2.25978e-07 3.74996e+08 6.32863e-08
2.30498e-07 3.82498e+08 6.49829e-08
2.35108e-07 3.90151e+08 6.67246e-08
2.3981e-07 3.97956e+08 6.85124e-08
2.44606e-07 4.05918e+08 7.03478e-08
2.49498e-07 4.14039e+08 7.22318e-08
2.54488e-07 4.22322e+08 7.41657e-08
2.59578e-07 4.30771e+08 7.6151e-08
2.6477e-07 4.39389e+08 7.81888e-08
2.70065e-07 4.4818e+08 8.02807e-08
2.75466e-07 4.57147e+08 8.2428e-08
2.80976e-07 4.66292e+08 8.46322e-08
2.86595e-07 4.75621e+08 8.68948e-08
2.92327e-07 4.85137e+08 8.92173e-08
2.98174e-07 4.94843e+08 9.16012e-08
3.04137e-07 5.04743e+08 9.40483e-08
3.1022e-07 5.14841e+08 9.65601e-08
3.16424e-07 5.25142e+08 9.91384e-08
3.22753e-07 5.35648e+08 1.01785e-07
3.29208e-07 5.46365e+08 1.04501e-07
3.35792e-07 5.57296e+08 1.0729e-07
3.42508e-07 5.68446e+08 1.10152e-07
3.49358e-07 5.79818e+08 1.13089e-07
3.56345e-07 5.91419e+08 1.16105e-07
3.63472e-07 6.03252e+08 1.192e-07
3.70742e-07 6.15321e+08 1.22377e-07
3.78156e-07 6.27632e+08 1.25637e-07
3.8572e-07 6.40189e+08 1.28984e-07
3.93434e-07 6.52997e+08 1.32419e-07
4.01303e-07 6.66062e+08 1.35945e-07
4.09329e-07 6.79388e+08 1.39564e-07
4.17515e-07 6.92981e+08 1.43278e-07
4.25866e-07 7.06846e+08 1.4709e-07
4.34383e-07 7.20988e+08 1.51003e-07
4.4307e-07 7.35413e+08 1.55019e-07
4.51932e-07 7.50127e+08 1.59141e-07
4.60971e-07 7.65135e+08 1.63371e-07
4.7019e-07 7.80444e+08 1.67713e-07
4.79594e-07 7.96059e+08 1.7217e-07
4.89186e-07 8.11986e+08 1.76743e-07
4.98969e-07 8.28233e+08 1.81438e-07
5.08949e-07 8.44804e+08 1.86256e-07
5.19128e-07 8.61707e+08 1.912e-07
5.2951e-07 8.78948e+08 1.96275e-07
5.401e-07 8.96534e+08 2.01483e-07
5.50902e-07 9.14472e+08 2.06829e-07
5.61921e-07 9.32769e+08 2.12315e-07
5.73159e-07 9.51432e+08 2.17945e-07
5.84622e-07 9.70468e+08 2.23723e-07
5.96315e-07 9.89886e+08 2.29653e-07
6.08241e-07 1.00969e+09 2.3574e-07
6.20406e-07 1.02989e+09 2.41986e-07
6.32814e-07 1.0505e+09 2.48396e-07
6.4547e-07 1.07152e+09 2.54974e-07
6.58379e-07 1.09296e+09 2.61725e-07
6.71547e-07 1.11483e+09 2.68654e-07
6.84978e-07 1.13713e+09 2.75764e-07
6.98678e-07 1.15989e+09 2.83061e-07
7.12651e-07 1.18309e+09 2.9055e-07
7.26904e-07 1.20677e+09 2.98235e-07
7.41442e-07 1.23091e+09 3.06121e-07
7.56271e-07 1.25554e+09 3.14215e-07
7.71396e-07 1.28066e+09 3.2252e-07
7.86824e-07 1.30629e+09 3.31043e-07
8.02561e-07 1.33243e+09 3.3979e-07
8.18612e-07 1.35909e+09 3.48766e-07
8.34984e-07 1.38628e+09 3.57977e-07
8.51684e-07 1.41402e+09 3.67429e-07
8.68718e-07 1.44232e+09 3.77129e-07
8.86092e-07 1.47118e+09 3.87083e-07
9.03814e-07 1.50061e+09 3.97297e-07
9.2189e-07 1.53064e+09 4.07778e-07
9.40328e-07 1.56127e+09 4.18534e-07
9.59135e-07 1.59251e+09 4.29572e-07
9.78317e-07 1.62437e+09 4.40897e-07
9.97884e-07 1.65688e+09 4.5252e-07
1.01784e-06 1.69003e+09 4.64445e-07
1.0382e-06 1.72385e+09 4.76683e-07
1.05896e-06 1.75834e+09 4.8924e-07
1.08014e-06 1.79353e+09 5.02126e-07
1.10174e-06 1.82942e+09 5.15348e-07
1.12378e-06 1.86602e+09 5.28915e-07
1.14625e-06 1.90336e+09 5.42837e-07
1.16918e-06 1.94145e+09 5.57122e-07
1.19256e-06 1.9803e+09 5.7178e-07
1.21641e-06 2.01992e+09 5.8682e-07
1.24074e-06 2.06034e+09 6.02253e-07
1.26556e-06 2.10157e+09 6.18088e-07
1.29087e-06 2.14363e+09 6.34337e-07
1.31669e-06 2.18652e+09 6.51008e-07
1.34302e-06 2.23028e+09 6.68115e-07
1.36988e-06 2.27491e+09 6.85667e-07
1.39728e-06 2.32043e+09 7.03676e-07
1.42522e-06 2.36686e+09 7.22155e-07
1.45373e-06 2.41423e+09 7.41114e-07
1.4828e-06 2.46254e+09 7.60568e-07
1.51246e-06 2.51182e+09 7.80528e-07
1.54271e-06 2.56208e+09 8.01007e-07
1.57356e-06 2.61335e+09 8.22019e-07
1.60503e-06 2.66565e+09 8.43578e-07
1.63713e-06 2.71899e+09 8.65697e-07
1.66988e-06 2.7734e+09 8.88391e-07
1.70327e-06 2.8289e+09 9.11676e-07
1.73734e-06 2.88551e+09 9.35566e-07
1.77209e-06 2.94326e+09 9.60076e-07
1.80753e-06 3.00216e+09 9.85223e-07
1.84368e-06 3.06224e+09 1.01102e-06
1.88055e-06 3.12352e+09 1.03749e-06
1.91816e-06 3.18603e+09 1.06465e-06
1.95653e-06 3.24978e+09 1.09251e-06
1.99566e-06 3.31482e+09 1.1211e-06
2.03557e-06 3.38116e+09 1.15042e-06
2.07628e-06 3.44882e+09 1.18051e-06
2.11781e-06 3.51784e+09 1.21138e-06
2.16016e-06 3.58824e+09 1.24305e-06
2.20337e-06 3.66005e+09 1.27553e-06
2.24743e-06 3.7333e+09 1.30886e-06
2.29238e-06 3.80801e+09 1.34306e-06
2.33823e-06 3.88422e+09 1.37814e-06
2.38499e-06 3.96195e+09 1.41412e-06
2.43269e-06 4.04124e+09 1.45104e-06
2.48135e-06 4.12212e+09 1.48892e-06
2.53098e-06 4.20462e+09 1.52777e-06
2.5816e-06 4.28877e+09 1.56763e-06
2.63323e-06 4.3746e+09 1.60852e-06
2.68589e-06 4.46215e+09 1.65047e-06
2.73961e-06 4.55145e+09 1.6935e-06
2.7944e-06 4.64254e+09 1.73764e-06
2.85029e-06 4.73546e+09 1.78293e-06
2.9073e-06 4.83023e+09 1.82938e-06
2.96544e-06 4.9269e+09 1.87703e-06
3.02475e-06 5.02551e+09 1.92592e-06
3.08525e-06 5.12609e+09 1.97606e-06
3.14695e-06 5.22868e+09 2.0275e-06
3.20989e-06 5.33333e+09 2.08026e-06
3.27409e-06 5.44007e+09 2.13439e-06
3.33957e-06 5.54895e+09 2.18991e-06
3.40636e-06 5.66e+09 2.24686e-06
3.47449e-06 5.77329e+09 2.30529e-06
3.54398e-06 5.88883e+09 2.36521e-06
3.61486e-06 6.0067e+09 2.42668e-06
3.68715e-06 6.12692e+09 2.48973e-06
3.7609e-06 6.24955e+09 2.5544e-06
3.83611e-06 6.37463e+09 2.62074e-06
3.91284e-06 6.50222e+09 2.68879e-06
3.99109e-06 6.63236e+09 2.75858e-06
4.07092e-06 6.76511e+09 2.83017e-06
4.15233e-06 6.90051e+09 2.9036e-06
4.23538e-06 7.03863e+09 2.97892e-06
4.32009e-06 7.17951e+09 3.05617e-06
4.40649e-06 7.32321e+09 3.13541e-06
4.49462e-06 7.46979e+09 3.21668e-06
4.58451e-06 7.6193e+09 3.30003e-06
4.6762e-06 7.7718e+09 3.38553e-06
4.76973e-06 7.92736e+09 3.47322e-06
4.86512e-06 8.08604e+09 3.56316e-06
4.96242e-06 8.24789e+09 3.6554e-06
5.06167e-06 8.41298e+09 3.75001e-06
5.1629e-06 8.58137e+09 3.84705e-06
5.26616e-06 8.75314e+09 3.94656e-06
5.37149e-06 8.92834e+09 4.04863e-06
5.47892e-06 9.10706e+09 4.15331e-06
5.58849e-06 9.28935e+09 4.26067e-06
5.70026e-06 9.47529e+09 4.37078e-06
5.81427e-06 9.66495e+09 4.48371e-06
5.93055e-06 9.85841e+09 4.59952e-06
6.04917e-06 1.00557e+10 4.71829e-06
6.17015e-06 1.0257e+10 4.8401e-06
6.29355e-06 1.04624e+10 4.96502e-06
6.41942e-06 1.06718e+10 5.09313e-06
6.54781e-06 1.08854e+10 5.22452e-06
6.67877e-06 1.11033e+10 5.35925e-06
6.81234e-06 1.13256e+10 5.49743e-06
6.94859e-06 1.15523e+10 5.63912e-06
7.08756e-06 1.17835e+10 5.78444e-06
7.22931e-06 1.20194e+10 5.93345e-06
7.3739e-06 1.226e+10 6.08627e-06
7.52138e-06 1.25054e+10 6.24298e-06
7.67181e-06 1.27558e+10 6.40368e-06
7.82524e-06 1.30111e+10 6.56847e-06
7.98175e-06 1.32716e+10 6.73745e-06
8.14138e-06 1.35372e+10 6.91074e-06
8.30421e-06 1.38082e+10 7.08843e-06
8.47029e-06 1.40847e+10 7.27065e-06
8.6397e-06 1.43666e+10 7.45749e-06
8.81249e-06 1.46542e+10 7.64908e-06
8.98874e-06 1.49476e+10 7.84554e-06
9.16852e-06 1.52468e+10 8.04698e-06
9.35189e-06 1.5552e+10 8.25355e-06
9.53893e-06 1.58634e+10 8.46535e-06
9.7297e-06 1.61809e+10 8.68252e-06
9.9243e-06 1.65049e+10 8.90521e-06
1.01228e-05 1.68353e+10 9.13353e-06
1.03252e-05 1.71723e+10 9.36765e-06
1.05317e-05 1.75161e+10 9.60769e-06
1.07424e-05 1.78668e+10 9.85382e-06
1.09572e-05 1.82245e+10 1.01062e-05
1.11764e-05 1.85893e+10 1.03649e-05
1.13999e-05 1.89615e+10 1.06302e-05
1.16279e-05 1.93411e+10 1.09022e-05
1.18605e-05 1.97283e+10 1.11811e-05
1.20977e-05 2.01233e+10 1.1467e-05
1.23396e-05 2.05262e+10 1.17601e-05
1.25864e-05 2.09371e+10 1.20607e-05
1.28381e-05 2.13563e+10 1.23688e-05
1.30949e-05 2.17839e+10 1.26847e-05
1.33568e-05 2.222e+10 1.30086e-05
1.36239e-05 2.26649e+10 1.33406e-05
1.38964e-05 2.31187e+10 1.3681e-05
1.41743e-05 2.35816e+10 1.403e-05
1.44578e-05 2.40537e+10 1.43878e-05
1.4747e-05 2.45353e+10 1.47545e-05
1.50419e-05 2.50265e+10 1.51305e-05
1.53428e-05 2.55276e+10 1.5516e-05
1.56496e-05 2.60387e+10 1.59112e-05
1.59626e-05 2.65601e+10 1.63162e-05
1.62819e-05 2.70919e+10 1.67315e-05
1.66075e-05 2.76343e+10 1.71572e-05
1.69396e-05 2.81876e+10 1.75936e-05
1.72784e-05 2.8752e+10 1.80409e-05
1.7624e-05 2.93277e+10 1.84995e-05
1.79765e-05 2.99149e+10 1.89696e-05
1.8336e-05 3.05139e+10 1.94514e-05
1.87027e-05 3.11249e+10 1.99453e-05
1.90768e-05 3.17481e+10 2.04516e-05
1.94583e-05 3.23838e+10 2.09706e-05
1.98475e-05 3.30323e+10 2.15025e-05
2.02444e-05 3.36937e+10 2.20477e-05
2.06493e-05 3.43684e+10 2.26066e-05
2.10623e-05 3.50566e+10 2.31795e-05
2.14836e-05 3.57585e+10 2.37666e-05
2.19132e-05 3.64746e+10 2.43685e-05
2.23515e-05 3.72049e+10 2.49853e-05
2.27985e-05 3.79499e+10 2.56175e-05
2.32545e-05 3.87099e+10 2.62655e-05
2.37196e-05 3.9485e+10 2.69297e-05
2.4194e-05 4.02757e+10 2.76104e-05
2.46779e-05 4.10822e+10 2.8308e-05
2.51714e-05 4.19049e+10 2.90231e-05
2.56749e-05 4.2744e+10 2.97559e-05
2.61884e-05 4.36e+10 3.05069e-05
2.67121e-05 4.44731e+10 3.12766e-05
2.72464e-05 4.53637e+10 3.20655e-05
2.77913e-05 4.62721e+10 3.28739e-05
2.83471e-05 4.71988e+10 3.37024e-05
2.89141e-05 4.8144e+10 3.45514e-05
2.94923e-05 4.91081e+10 3.54216e-05
3.00822e-05 5.00915e+10 3.63133e-05
3.06838e-05 5.10947e+10 3.7227e-05
3.12975e-05 5.21179e+10 3.81635e-05
3.19235e-05 5.31617e+10 3.9123e-05
3.25619e-05 5.42263e+10 4.01064e-05
3.32132e-05 5.53123e+10 4.11141e-05
3.38774e-05 5.642e+10 4.21466e-05
3.4555e-05 5.755e+10 4.32047e-05
3.52461e-05 5.87025e+10 4.42889e-05
3.5951e-05 5.98782e+10 4.53999e-05
3.667e-05 6.10774e+10 4.65383e-05
3.74034e-05 6.23007e+10 4.77047e-05
3.81515e-05 6.35484e+10 4.88999e-05
3.89145e-05 6.48211e+10 5.01246e-05
3.96928e-05 6.61194e+10 5.13794e-05
4.04867e-05 6.74436e+10 5.2665e-05
4.12964e-05 6.87944e+10 5.39823e-05
4.21223e-05 7.01723e+10 5.5332e-05
4.29648e-05 7.15777e+10 5.67149e-05
4.38241e-05 7.30113e+10 5.81317e-05
4.47005e-05 7.44737e+10 5.95832e-05
4.55946e-05 7.59653e+10 6.10704e-05
4.65065e-05 7.74868e+10 6.2594e-05
4.74366e-05 7.90388e+10 6.4155e-05
4.83853e-05 8.06219e+10 6.57542e-05
4.9353e-05 8.22368e+10 6.73926e-05
5.03401e-05 8.3884e+10 6.9071e-05
5.13469e-05 8.55641e+10 7.07905e-05
5.23738e-05 8.7278e+10 7.2552e-05
5.34213e-05 8.90262e+10 7.43565e-05
5.44897e-05 9.08094e+10 7.6205e-05
5.55795e-05 9.26284e+10 7.80987e-05
5.66911e-05 9.44838e+10 8.00385e-05
5.78249e-05 9.63763e+10 8.20256e-05
5.89814e-05 9.83069e+10 8.40611e-05
6.01611e-05 1.00276e+11 8.61461e-05
6.13643e-05 1.02285e+11 8.82819e-05
6.25916e-05 1.04334e+11 9.04695e-05
6.38434e-05 1.06424e+11 9.27104e-05
6.51203e-05 1.08555e+11 9.50056e-05
6.64227e-05 1.1073e+11 9.73565e-05
6.77511e-05 1.12948e+11 9.97645e-05
6.91061e-05 1.15211e+11 0.000102231
7.04883e-05 1.17519e+11 0.000104757
7.1898e-05 1.19873e+11 0.000107344
7.3336e-05 1.22274e+11 0.000109994
7.48027e-05 1.24724e+11 0.000112708
7.62988e-05 1.27222e+11 0.000115487
7.78247e-05 1.29771e+11 0.000118334
7.93812e-05 1.32371e+11 0.000121249
8.09689e-05 1.35022e+11 0.000124235
8.25882e-05 1.37727e+11 0.000127292
8.424e-05 1.40486e+11 0.000130423
8.59248e-05 1.43301e+11 0.00013363
8.76433e-05 1.46172e+11 0.000136913
8.93962e-05 1.491e+11 0.000140276
9.11841e-05 1.52087e+11 0.000143719
9.30078e-05 1.55134e+11 0.000147245
9.48679e-05 1.58242e+11 0.000150856
9.67653e-05 1.61413e+11 0.000154553
9.87006e-05 1.64647e+11 0.000158339
0.000100675 1.67945e+11 0.000162215
0.000102688 1.7131e+11 0.000166184
0.000104742 1.74742e+11 0.000170248
0.000106837 1.78243e+11 0.00017441
0.000108973 1.81814e+11 0.00017867
0.000111153 1.85457e+11 0.000183032
0.000113376 1.89173e+11 0.000187498
0.000115643 1.92963e+11 0.000192071
0.000117956 1.9683e+11 0.000196752
0.000120315 2.00773e+11 0.000201545
0.000122722 2.04796e+11 0.000206451
0.000125176 2.089e+11 0.000211474
0.00012768 2.13085e+11 0.000216616
0.000130233 2.17355e+11 0.000221881
0.000132838 2.2171e+11 0.00022727
0.000135495 2.26152e+11 0.000232786
0.000138205 2.30684e+11 0.000238434
0.000140969 2.35306e+11 0.000244214
0.000143788 2.40021e+11 0.000250131
0.000146664 2.44831e+11 0.000256188
0.000149597 2.49737e+11 0.000262388
0.000152589 2.54741e+11 0.000268734
0.000155641 2.59846e+11 0.000275229
0.000158754 2.65053e+11 0.000281877
0.000161929 2.70364e+11 0.000288682
0.000165167 2.75782e+11 0.000295646
0.000168471 2.81308e+11 0.000302774
0.00017184 2.86945e+11 0.000310068
0.000175277 2.92695e+11 0.000317534
0.000178782 2.98561e+11 0.000325175
0.000182358 3.04544e+11 0.000332994
0.000186005 3.10647e+11 0.000340996
0.000189725 3.16872e+11 0.000349185
0.00019352 3.23222e+11 0.000357564
0.00019739 3.297e+11 0.00036614
0.000201338 3.36307e+11 0.000374914
0.000205365 3.43047e+11 0.000383893
0.000209472 3.49922e+11 0.000393081
0.000213662 3.56935e+11 0.000402482
0.000217935 3.64088e+11 0.000412101
0.000222293 3.71385e+11 0.000421943
0.000226739 3.78828e+11 0.000432013
0.000231274 3.8642e+11 0.000442316
0.0002359 3.94165e+11 0.000452857
0.000240618 4.02064e+11 0.000463641
0.00024543 4.10123e+11 0.000474674
0.000250339 4.18342e+11 0.000485961
0.000255345 4.26727e+11 0.000496673
0.000355345 5.94242e+11 0.000583349
0.000455345 7.61801e+11 0.000659893
0.000555345 9.29391e+11 0.00073986
0.000655345 1.09701e+12 0.000824748
0.000755345 1.26465e+12 0.000914861
0.000855345 1.43232e+12 0.00101018
0.000955345 1.6e+12 0.00111059
0.00105535 1.76771e+12 0.00121592
0.00115535 1.93543e+12 0.001326
0.00125535 2.10317e+12 0.00144067
0.00135535 2.27093e+12 0.00155976
0.00145535 2.4387e+12 0.00168312
0.00155535 2.60649e+12 0.00181059
0.00165535 2.77429e+12 0.00194204
0.00175535 2.94211e+12 0.00207733
0.00185535 3.10994e+12 0.00221635
0.00195535 3.27779e+12 0.00235898
0.00205535 3.44565e+12 0.0025051
0.00215535 3.61352e+12 0.0026546
0.00225535 3.7814e+12 0.0028074
0.00235535 3.9493e+12 0.0029634
0.00245535 4.11721e+12 0.0031225
0.00255535 4.28513e+12 0.00328462
0.00265535 4.45306e+12 0.00344967
0.00275535 4.62101e+12 0.00361759
0.00285535 4.78896e+12 0.00378829
0.00295535 4.95693e+12 0.0039617
0.00305535 5.1249e+12 0.00413775
0.00315535 5.29289e+12 0.00431638
0.00325535 5.46088e+12 0.00449753
0.00335535 5.62889e+12 0.00468112
0.00345535 5.79691e+12 0.0048671
0.00355535 5.96493e+12 0.00505542
0.00365535 6.13297e+12 0.00524602
0.00375535 6.30101e+12 0.00543885
0.00385535 6.46907e+12 0.00563385
0.00395535 6.63713e+12 0.00583097
0.00405535 6.8052e+12 0.00603018
0.00415535 6.97328e+12 0.00623141
0.00425535 7.14137e+12 0.00643463
0.00435535 7.30947e+12 0.00663979
0.00445535 7.47758e+12 0.00684684
0.00455535 7.64569e+12 0.00705576
0.00465535 7.81382e+12 0.00726649
0.00475535 7.98195e+12 0.007479
0.00485535 8.15009e+12 0.00769325
0.00495535 8.31823e+12 0.00790921
0.00505535 8.48639e+12 0.00812683
0.00515535 8.65455e+12 0.00834609
0.00525535 8.82272e+12 0.00856694
0.00535535 8.9909e+12 0.00878936
0.00545535 9.15909e+12 0.00901332
0.00555535 9.32728e+12 0.00923878
0.00565535 9.49548e+12 0.00946571
0.00575535 9.66369e+12 0.00969409
0.00585535 9.8319e+12 0.00992388
0.00595535 1.00001e+13 0.0101551
0.00605535 1.01684e+13 0.0103876
0.00615535 1.03366e+13 0.0106214
0.00625535 1.05048e+13 0.0108566
0.00635535 1.06731e+13 0.0110931
0.00645535 1.08413e+13 0.0113308
0.00655535 1.10096e+13 0.0115697
0.00665535 1.11779e+13 0.0118098
0.00675535 1.13461e+13 0.0120512
0.00685535 1.15144e+13 0.0122936
0.00695535 1.16827e+13 0.0125373
0.00705535 1.1851e+13 0.012782
0.00715535 1.20193e+13 0.0130278
0.00725535 1.21876e+13 0.0132747
0.00735535 1.23559e+13 0.0135227
0.00745535 1.25242e+13 0.0137717
0.00755535 1.26926e+13 0.0140217
0.00765535 1.28609e+13 0.0142726
0.00775535 1.30292e+13 0.0145246
0.00785535 1.31976e+13 0.0147776
0.00795535 1.33659e+13 0.0150314
0.00805535 1.35343e+13 0.0152862
0.00815535 1.37026e+13 0.0155419
0.00825535 1.3871e+13 0.0157985
0.00835535 1.40394e+13 0.016056
0.00845535 1.42077e+13 0.0163143
0.00855535 1.43761e+13 0.0165734
0.00865535 1.45445e+13 0.0168334
0.00875535 1.47129e+13 0.0170942
0.00885535 1.48813e+13 0.0173558
0.00895535 1.50497e+13 0.0176182
0.00905535 1.52181e+13 0.0178813
0.00915535 1.53865e+13 0.0181452
0.00925535 1.55549e+13 0.0184099
0.00935535 1.57234e+13 0.0186752
0.00945535 1.58918e+13 0.0189413
0.00955535 1.60602e+13 0.0192081
0.00965535 1.62287e+13 0.0194756
0.00975535 1.63971e+13 0.0197437
0.00985535 1.65656e+13 0.0200125
0.00995535 1.6734e+13 0.020282
0.0100553 1.69025e+13 0.0205521
0.0101553 1.70709e+13 0.0208228
0.0102553 1.72394e+13 0.0210942
0.0103553 1.74079e+13 0.0213662
0.0104553 1.75764e+13 0.0216387
0.0105553 1.77448e+13 0.0219119
0.0106553 1.79133e+13 0.0221856
0.0107553 1.80818e+13 0.0224599
0.0108553 1.82503e+13 0.0227348
0.0109553 1.84188e+13 0.0230102
0.0110553 1.85873e+13 0.0232862
0.0111553 1.87558e+13 0.0235627
0.0112553 1.89243e+13 0.0238397
0.0113553 1.90929e+13 0.0241172
0.0114553 1.92614e+13 0.0243952
0.0115553 1.94299e+13 0.0246738
0.0116553 1.95984e+13 0.0249528
0.0117553 1.9767e+13 0.0252323
0.0118553 1.99355e+13 0.0255123
0.0119553 2.01041e+13 0.0257927
0.0120553 2.02726e+13 0.0260736
0.0121553 2.04412e+13 0.026355
0.0122553 2.06097e+13 0.0266368
0.0123553 2.07783e+13 0.026919
0.0124553 2.09468e+13 0.0272017
0.0125553 2.11154e+13 0.0274848
0.0126553 2.1284e+13 0.0277683
0.0127553 2.14526e+13 0.0280522
0.0128553 2.16211e+13 0.0283366
0.0129553 2.17897e+13 0.0286213
0.0130553 2.19583e+13 0.0289064
0.0131553 2.21269e+13 0.029192
0.0132553 2.22955e+13 0.0294779
0.0133553 2.24641e+13 0.0297641
0.0134553 2.26327e+13 0.0300508
0.0135553 2.28013e+13 0.0303378
0.0136553 2.29699e+13 0.0306252
0.0137553 2.31385e+13 0.0309129
0.0138553 2.33072e+13 0.031201
0.0139553 2.34758e+13 0.0314894
0.0140553 2.36444e+13 0.0317782
0.0141553 2.3813e+13 0.0320673
0.0142553 2.39817e+13 0.0323568
0.0143553 2.41503e+13 0.0326465
0.0144553 2.43189e+13 0.0329366
0.0145553 2.44876e+13 0.0332271
0.0146553 2.46562e+13 0.0335178
0.0147553 2.48249e+13 0.0338089
0.0148553 2.49935e+13 0.0341002
0.0149553 2.51622e+13 0.0343919
0.0150553 2.53309e+13 0.0346839
0.0151553 2.54995e+13 0.0349762
0.0152553 2.56682e+13 0.0352687
0.0153553 2.58369e+13 0.0355616
0.0154553 2.60056e+13 0.0358547
0.0155553 2.61742e+13 0.0361482
0.0156553 2.63429e+13 0.0364419
0.0157553 2.65116e+13 0.0367359
0.0158553 2.66803e+13 0.0370302
0.0159553 2.6849e+13 0.0373248
0.0160553 2.70177e+13 0.0376196
0.0161553 2.71864e+13 0.0379147
0.0162553 2.73551e+13 0.0382101
0.0163553 2.75238e+13 0.0385057
0.0164553 2.76925e+13 0.0388016
0.0165553 2.78612e+13 0.0390978
0.0166553 2.80299e+13 0.0393942
0.0167553 2.81986e+13 0.0396909
0.0168553 2.83674e+13 0.0399879
0.0169553 2.85361e+13 0.0402851
0.0170553 2.87048e+13 0.0405825
0.0171553 2.88736e+13 0.0408802
0.0172553 2.90423e+13 0.0411782
0.0173553 2.9211e+13 0.0414764
0.0174553 2.93798e+13 0.0417748
0.0175553 2.95485e+13 0.0420735
0.0176553 2.97173e+13 0.0423725
0.0177553 2.9886e+13 0.0426716
0.0178553 3.00548e+13 0.0429711
0.0179553 3.02235e+13 0.0432707
0.0180553 3.03923e+13 0.0435706
0.0181553 3.0561e+13 0.0438708
0.0182553 3.07298e+13 0.0441712
0.0183553 3.08986e+13 0.0444718
0.0184553 3.10673e+13 0.0447726
0.0185553 3.12361e+13 0.0450737
0.0186553 3.14049e+13 0.045375
0.0187553 3.15737e+13 0.0456766
0.0188553 3.17424e+13 0.0459784
0.0189553 3.19112e+13 0.0462804
0.0190553 3.208e+13 0.0465827
0.0191553 3.22488e+13 0.0468852
0.0192553 3.24176e+13 0.0471879
0.0193553 3.25864e+13 0.0474909
0.0194553 3.27552e+13 0.0477941
0.0195553 3.2924e+13 0.0480975
0.0196553 3.30928e+13 0.0484011
0.0197553 3.32616e+13 0.048705
0.0198553 3.34304e+13 0.0490091
0.0199553 3.35992e+13 0.0493135
0.0200553 3.37681e+13 0.0496181
0.0201553 3.39369e+13 0.0499229
0.0202553 3.41057e+13 0.0502279
0.0203553 3.42745e+13 0.0505332
0.0204553 3.44433e+13 0.0508388
0.0205553 3.46122e+13 0.0511445
0.0206553 3.4781e+13 0.0514505
0.0207553 3.49498e+13 0.0517567
0.0208553 3.51187e+13 0.0520632
0.0209553 3.52875e+13 0.0523699
0.0210553 3.54564e+13 0.0526768
0.0211553 3.56252e+13 0.052984
0.0212553 3.5794e+13 0.0532914
0.0213553 3.59629e+13 0.053599
0.0214553 3.61318e+13 0.0539069
0.0215553 3.63006e+13 0.054215
0.0216553 3.64695e+13 0.0545234
0.0217553 3.66383e+13 0.054832
0.0218553 3.68072e+13 0.0551409
0.0219553 3.69761e+13 0.05545
0.0220553 3.71449e+13 0.0557593
0.0221553 3.73138e+13 0.0560689
0.0222553 3.74827e+13 0.0563788
0.0223553 3.76515e+13 0.0566888
0.0224553 3.78204e+13 0.0569992
0.0225553 3.79893e+13 0.0573098
0.0226553 3.81582e+13 0.0576206
0.0227553 3.83271e+13 0.0579317
0.0228553 3.8496e+13 0.0582431
0.0229553 3.86648e+13 0.0585547
0.0230553 3.88337e+13 0.0588665
0.0231553 3.90026e+13 0.0591787
0.0232553 3.91715e+13 0.0594911
0.0233553 3.93404e+13 0.0598037
0.0234553 3.95093e+13 0.0601166
0.0235553 3.96782e+13 0.0604298
0.0236553 3.98471e+13 0.0607433
0.0237553 4.00161e+13 0.061057
0.0238553 4.0185e+13 0.061371
0.0239553 4.03539e+13 0.0616852
0.0240553 4.05228e+13 0.0619998
0.0241553 4.06917e+13 0.0623146
0.0242553 4.08606e+13 0.0626297
0.0243553 4.10296e+13 0.062945
0.0244553 4.11985e+13 0.0632607
0.0245553 4.13674e+13 0.0635766
0.0246553 4.15363e+13 0.0638928
0.0247553 4.17053e+13 0.0642093
0.0248553 4.18742e+13 0.0645261
0.0249553 4.20431e+13 0.0648432
0.0250553 4.22121e+13 0.0651606
0.0251553 4.2381e+13 0.0654782
0.0252553 4.255e+13 0.0657962
0.0253553 4.27189e+13 0.0661145
0.0254553 4.28879e+13 0.066433
0.0255553 4.30568e+13 0.0667519
0.0256553 4.32258e+13 0.0670711
0.0257553 4.33947e+13 0.0673906
0.0258553 4.35637e+13 0.0677104
0.0259553 4.37326e+13 0.0680305
0.0260553 4.39016e+13 0.0683509
0.0261553 4.40706e+13 0.0686716
0.0262553 4.42395e+13 0.0689926
0.0263553 4.44085e+13 0.069314
0.0264553 4.45775e+13 0.0696357
0.0265553 4.47464e+13 0.0699577
0.0266553 4.49154e+13 0.0702801
0.0267553 4.50844e+13 0.0706027
0.0268553 4.52534e+13 0.0709257
0.0269553 4.54224e+13 0.0712491
0.0270553 4.55913e+13 0.0715728
0.0271553 4.57603e+13 0.0718968
0.0272553 4.59293e+13 0.0722211
0.0273553 4.60983e+13 0.0725458
0.0274553 4.62673e+13 0.0728709
0.0275553 4.64363e+13 0.0731963
0.0276553 4.66053e+13 0.073522
0.0277553 4.67743e+13 0.0738481
0.0278553 4.69433e+13 0.0741746
0.0279553 4.71123e+13 0.0745014
0.0280553 4.72813e+13 0.0748286
0.0281553 4.74503e+13 0.0751561
0.0282553 4.76193e+13 0.075484
0.0283553 4.77883e+13 0.0758123
0.0284553 4.79573e+13 0.0761409
0.0285553 4.81263e+13 0.07647
0.0286553 4.82954e+13 0.0767994
0.0287553 4.84644e+13 0.0771291
0.0288553 4.86334e+13 0.0774593
0.0289553 4.88024e+13 0.0777898
0.0290553 4.89714e+13 0.0781208
0.0291553 4.91405e+13 0.0784521
0.0292553 4.93095e+13 0.0787838
0.0293553 4.94785e+13 0.0791159
0.0294553 4.96476e+13 0.0794484
0.0295553 4.98166e+13 0.0797813
0.0296553 4.99856e+13 0.0801147
0.0297553 5.01547e+13 0.0804484
0.0298553 5.03237e+13 0.0807825
0.0299553 5.04928e+13 0.0811171
0.0300553 5.06618e+13 0.081452
0.0301553 5.08309e+13 0.0817874
0.0302553 5.09999e+13 0.0821232
0.0303553 5.1169e+13 0.0824594
0.0304553 5.1338e+13 0.082796
0.0305553 5.15071e+13 0.0831331
0.0306553 5.16761e+13 0.0834706
0.0307553 5.18452e+13 0.0838086
0.0308553 5.20142e+13 0.0841469
0.0309553 5.21833e+13 0.0844857
0.0310553 5.23524e+13 0.084825
0.0311553 5.25214e+13 0.0851647
0.0312553 5.26905e+13 0.0855048
0.0313553 5.28596e+13 0.0858455
0.0314553 5.30287e+13 0.0861865
0.0315553 5.31977e+13 0.086528
0.0316553 5.33668e+13 0.08687
0.0317553 5.35359e+13 0.0872124
0.0318553 5.3705e+13 0.0875553
0.0319553 5.3874e+13 0.0878987
0.0320553 5.40431e+13 0.0882425
0.0321553 5.42122e+13 0.0885869
0.0322553 5.43813e+13 0.0889316
0.0323553 5.45504e+13 0.0892769
0.0324553 5.47195e+13 0.0896227
0.0325553 5.48886e+13 0.0899689
0.0326553 5.50577e+13 0.0903156
0.0327553 5.52268e+13 0.0906629
0.0328553 5.53959e+13 0.0910106
0.0329553 5.5565e+13 0.0913588
0.0330553 5.57341e+13 0.0917075
0.0331553 5.59032e+13 0.0920567
0.0332553 5.60723e+13 0.0924064
0.0333553 5.62414e+13 0.0927567
0.0334553 5.64105e+13 0.0931074
0.0335553 5.65796e+13 0.0934587
0.0336553 5.67487e+13 0.0938104
0.0337553 5.69178e+13 0.0941627
0.0338553 5.7087e+13 0.0945156
0.0339553 5.72561e+13 0.0948689
0.0340553 5.74252e+13 0.0952228
0.0341553 5.75943e+13 0.0955772
0.0342553 5.77635e+13 0.0959321
0.0343553 5.79326e+13 0.0962876
0.0344553 5.81017e+13 0.0966436
0.0345553 5.82708e+13 0.0970002
0.0346553 5.844e+13 0.0973573
0.0347553 5.86091e+13 0.097715
0.0348553 5.87783e+13 0.0980732
0.0349553 5.89474e+13 0.098432
0.0350553 5.91165e+13 0.0987913
0.0351553 5.92857e+13 0.0991512
0.0352553 5.94548e+13 0.0995117
0.0353553 5.9624e+13 0.0998727
0.0354553 5.97931e+13 0.100234
0.0355553 5.99623e+13 0.100596
0.0356553 6.01314e+13 0.100959
0.0357553 6.03006e+13 0.101323
0.0358553 6.04697e+13 0.101686
0.0359553 6.06389e+13 0.102051
0.0360553 6.0808e+13 0.102416
0.0361553 6.09772e+13 0.102782
0.0362553 6.11464e+13 0.103148
0.0363553 6.13155e+13 0.103515
0.0364553 6.14847e+13 0.103882
0.0365553 6.16539e+13 0.10425
0.0366553 6.1823e+13 0.104619
0.0367553 6.19922e+13 0.104988
0.0368553 6.21614e+13 0.105358
0.0369553 6.23305e+13 0.105729
0.0370553 6.24997e+13 0.1061
0.0371553 6.26689e+13 0.106472
0.0372553 6.28381e+13 0.106844
0.0373553 6.30073e+13 0.107217
0.0374553 6.31764e+13 0.107591
0.0375553 6.33456e+13 0.107965
0.0376553 6.35148e+13 0.10834
0.0377553 6.3684e+13 0.108715
0.0378553 6.38532e+13 0.109091
0.0379553 6.40224e+13 0.109468
0.0380553 6.41916e+13 0.109846
0.0381553 6.43608e+13 0.110224
0.0382553 6.453e+13 0.110603
0.0383553 6.46992e+13 0.110982
0.0384553 6.48684e+13 0.111362
0.0385553 6.50376e+13 0.111743
0.0386553 6.52068e+13 0.112124
0.0387553 6.5376e+13 0.112506
0.0388553 6.55452e+13 0.112889
0.0389553 6.57144e+13 0.113272
0.0390553 6.58836e+13 0.113656
0.0391553 6.60528e+13 0.114041
0.0392553 6.6222e+13 0.114427
0.0393553 6.63913e+13 0.114813
0.0394553 6.65605e+13 0.115199
0.0395553 6.67297e+13 0.115587
0.0396553 6.68989e+13 0.115975
0.0397553 6.70681e+13 0.116364
0.0398553 6.72374e+13 0.116754
0.0399553 6.74066e+13 0.117144
0.0400553 6.75758e+13 0.117535
0.0401553 6.77451e+13 0.117926
0.0402553 6.79143e+13 0.118319
0.0403553 6.80835e+13 0.118712
0.0404553 6.82528e+13 0.119106
0.0405553 6.8422e+13 0.1195
0.0406553 6.85912e+13 0.119895
0.0407553 6.87605e+13 0.120291
0.0408553 6.89297e+13 0.120688
0.0409553 6.9099e+13 0.121086
0.0410553 6.92682e+13 0.121484
0.0411553 6.94375e+13 0.121883
0.0412553 6.96067e+13 0.122282
0.0413553 6.9776e+13 0.122682
0.0414553 6.99452e+13 0.123084
0.0415553 7.01145e+13 0.123485
0.0416553 7.02837e+13 0.123888
0.0417553 7.0453e+13 0.124291
0.0418553 7.06222e+13 0.124695
0.0419553 7.07915e+13 0.1251
0.0420553 7.09608e+13 0.125506
0.0421553 7.113e+13 0.125912
0.0422553 7.12993e+13 0.126319
0.0423553 7.14686e+13 0.126727
0.0424553 7.16378e+13 0.127136
0.0425553 7.18071e+13 0.127545
0.0426553 7.19764e+13 0.127955
0.0427553 7.21457e+13 0.128366
0.0428553 7.23149e+13 0.128778
0.0429553 7.24842e+13 0.12919
0.0430553 7.26535e+13 0.129604
0.0431553 7.28228e+13 0.130018
0.0432553 7.29921e+13 0.130433
0.0433553 7.31614e+13 0.130848
0.0434553 7.33306e+13 0.131265
0.0435553 7.34999e+13 0.131682
0.0436553 7.36692e+13 0.1321
0.0437553 7.38385e+13 0.132519
0.0438553 7.40078e+13 0.132938
0.0439553 7.41771e+13 0.133359
0.0440553 7.43464e+13 0.13378
0.0441553 7.45157e+13 0.134202
0.0442553 7.4685e+13 0.134625
0.0443553 7.48543e+13 0.135049
0.0444553 7.50236e+13 0.135473
0.0445553 7.51929e+13 0.135899
0.0446553 7.53622e+13 0.136325
0.0447553 7.55315e+13 0.136752
0.0448553 7.57008e+13 0.13718
0.0449553 7.58702e+13 0.137608
0.0450553 7.60395e+13 0.138038
0.0451553 7.62088e+13 0.138468
0.0452553 7.63781e+13 0.138899
0.0453553 7.65474e+13 0.139331
0.0454553 7.67168e+13 0.139764
0.0455553 7.68861e+13 0.140198
0.0456553 7.70554e+13 0.140632
0.0457553 7.72247e+13 0.141067
0.0458553 7.73941e+13 0.141504
0.0459553 7.75634e+13 0.141941
0.0460553 7.77327e+13 0.142379
0.0461553 7.7902e+13 0.142817
0.0462553 7.80714e+13 0.143257
0.0463553 7.82407e+13 0.143698
0.0464553 7.84101e+13 0.144139
0.0465553 7.85794e+13 0.144581
0.0466553 7.87487e+13 0.145024
0.0467553 7.89181e+13 0.145468
0.0468553 7.90874e+13 0.145913
0.0469553 7.92568e+13 0.146359
0.0470553 7.94261e+13 0.146806
0.0471553 7.95955e+13 0.147253
0.0472553 7.97648e+13 0.147702
0.0473553 7.99342e+13 0.148151
0.0474553 8.01035e+13 0.148601
0.0475553 8.02729e+13 0.149052
0.0476553 8.04423e+13 0.149504
0.0477553 8.06116e+13 0.149957
0.0478553 8.0781e+13 0.150411
0.0479553 8.09503e+13 0.150865
0.0480553 8.11197e+13 0.151321
0.0481553 8.12891e+13 0.151777
0.0482553 8.14584e+13 0.152235
0.0483553 8.16278e+13 0.152693
0.0484553 8.17972e+13 0.153152
0.0485553 8.19666e+13 0.153612
0.0486553 8.21359e+13 0.154073
0.0487553 8.23053e+13 0.154535
0.0488553 8.24747e+13 0.154998
0.0489553 8.26441e+13 0.155462
0.0490553 8.28134e+13 0.155927
0.0491553 8.29828e+13 0.156392
0.0492553 8.31522e+13 0.156859
0.0493553 8.33216e+13 0.157327
0.0494553 8.3491e+13 0.157795
0.0495553 8.36604e+13 0.158264
0.0496553 8.38298e+13 0.158735
0.0497553 8.39992e+13 0.159206
0.0498553 8.41686e+13 0.159678
0.0499553 8.4338e+13 0.160151
0.0500553 8.45074e+13 0.160626
0.0501553 8.46768e+13 0.161101
0.0502553 8.48462e+13 0.161577
0.0503553 8.50156e+13 0.162054
0.0504553 8.5185e+13 0.162532
0.0505553 8.53544e+13 0.16301
0.0506553 8.55238e+13 0.16349
0.0507553 8.56932e+13 0.163971
0.0508553 8.58626e+13 0.164453
0.0509553 8.6032e+13 0.164936
0.0510553 8.62014e+13 0.165419
0.0511553 8.63709e+13 0.165904
0.0512553 8.65403e+13 0.16639
0.0513553 8.67097e+13 0.166876
0.0514553 8.68791e+13 0.167364
0.0515553 8.70485e+13 0.167853
0.0516553 8.7218e+13 0.168342
0.0517553 8.73874e+13 0.168833
0.0518553 8.75568e+13 0.169324
0.0519553 8.77263e+13 0.169817
0.0520553 8.78957e+13 0.17031
0.0521553 8.80651e+13 0.170805
0.0522553 8.82346e+13 0.1713
0.0523553 8.8404e+13 0.171797
0.0524553 8.85734e+13 0.172294
0.0525553 8.87429e+13 0.172793
0.0526553 8.89123e+13 0.173292
0.0527553 8.90818e+13 0.173793
0.0528553 8.92512e+13 0.174294
0.0529553 8.94207e+13 0.174797
0.0530553 8.95901e+13 0.175301
0.0531553 8.97596e+13 0.175805
0.0532553 8.9929e+13 0.176311
0.0533553 9.00985e+13 0.176817
0.0534553 9.02679e+13 0.177325
0.0535553 9.04374e+13 0.177834
0.0536553 9.06068e+13 0.178343
0.0537553 9.07763e+13 0.178854
0.0538553 9.09458e+13 0.179366
0.0539553 9.11152e+13 0.179878
0.0540553 9.12847e+13 0.180392
0.0541553 9.14542e+13 0.180907
0.0542553 9.16236e+13 0.181423
0.0543553 9.17931e+13 0.18194
0.0544553 9.19626e+13 0.182458
0.0545553 9.21321e+13 0.182976
0.0546553 9.23015e+13 0.183496
0.0547553 9.2471e+13 0.184018
0.0548553 9.26405e+13 0.18454
0.0549553 9.281e+13 0.185063
0.0550553 9.29795e+13 0.185587
0.0551553 9.31489e+13 0.186112
0.0552553 9.33184e+13 0.186638
0.0553553 9.34879e+13 0.187166
0.0554553 9.36574e+13 0.187694
0.0555553 9.38269e+13 0.188224
0.0556553 9.39964e+13 0.188754
0.0557553 9.41659e+13 0.189286
0.0558553 9.43354e+13 0.189818
0.0559553 9.45049e+13 0.190352
0.0560553 9.46744e+13 0.190887
0.0561553 9.48439e+13 0.191423
0.0562553 9.50134e+13 0.19196
0.0563553 9.51829e+13 0.192498
0.0564553 9.53524e+13 0.193037
0.0565553 9.55219e+13 0.193577
0.0566553 9.56914e+13 0.194118
0.0567553 9.58609e+13 0.194661
0.0568553 9.60304e+13 0.195204
0.0569553 9.62e+13 0.195749
0.0570553 9.63695e+13 0.196294
0.0571553 9.6539e+13 0.196841
0.0572553 9.67085e+13 0.197389
0.0573553 9.6878e+13 0.197938
0.0574553 9.70476e+13 0.198487
0.0575553 9.72171e+13 0.199039
0.0576553 9.73866e+13 0.199591
0.0577553 9.75561e+13 0.200144
0.0578553 9.77257e+13 0.200698
0.0579553 9.78952e+13 0.201254
0.0580553 9.80647e+13 0.20181
0.0581553 9.82343e+13 0.202368
0.0582553 9.84038e+13 0.202927
0.0583553 9.85734e+13 0.203487
0.0584553 9.87429e+13 0.204048
0.0585553 9.89124e+13 0.20461
0.0586553 9.9082e+13 0.205173
0.0587553 9.92515e+13 0.205737
0.0588553 9.94211e+13 0.206303
0.0589553 9.95906e+13 0.206869
0.0590553 9.97602e+13 0.207437
0.0591553 9.99297e+13 0.208006
0.0592553 1.00099e+14 0.208576
0.0593553 1.00269e+14 0.209147
0.0594553 1.00438e+14 0.209719
0.0595553 1.00608e+14 0.210293
0.0596553 1.00778e+14 0.210867
0.0597553 1.00947e+14 0.211443
0.0598553 1.01117e+14 0.212019
0.0599553 1.01286e+14 0.212597
0.0600553 1.01456e+14 0.213176
0.0601553 1.01625e+14 0.213757
0.0602553 1.01795e+14 0.214338
0.0603553 1.01964e+14 0.21492
0.0604553 1.02134e+14 0.215504
0.0605553 1.02304e+14 0.216089
0.0606553 1.02473e+14 0.216674
0.0607553 1.02643e+14 0.217262
0.0608553 1.02812e+14 0.21785
0.0609553 1.02982e+14 0.218439
0.0610553 1.03152e+14 0.21903
0.0611553 1.03321e+14 0.219621
0.0612553 1.03491e+14 0.220214
0.0613553 1.0366e+14 0.220808
0.0614553 1.0383e+14 0.221403
0.0615553 1.04e+14 0.221999
0.0616553 1.04169e+14 0.222597
0.0617553 1.04339e+14 0.223195
0.0618553 1.04508e+14 0.223795
0.0619553 1.04678e+14 0.224396
0.0620553 1.04847e+14 0.224998
0.0621553 1.05017e+14 0.225601
0.0622553 1.05187e+14 0.226206
0.0623553 1.05356e+14 0.226811
0.0624553 1.05526e+14 0.227418
0.0625553 1.05696e+14 0.228026
0.0626553 1.05865e+14 0.228635
0.0627553 1.06035e+14 0.229245
0.0628553 1.06204e+14 0.229856
0.0629553 1.06374e+14 0.230469
0.0630553 1.06544e+14 0.231083
0.0631553 1.06713e+14 0.231698
0.0632553 1.06883e+14 0.232314
0.0633553 1.07052e+14 0.232931
0.0634553 1.07222e+14 0.233549
0.0635553 1.07392e+14 0.234169
0.0636553 1.07561e+14 0.23479
0.0637553 1.07731e+14 0.235412
0.0638553 1.07901e+14 0.236035
0.0639553 1.0807e+14 0.236659
0.0640553 1.0824e+14 0.237285
0.0641553 1.0841e+14 0.237912
0.0642553 1.08579e+14 0.238539
0.0643553 1.08749e+14 0.239168
0.0644553 1.08918e+14 0.239799
0.0645553 1.09088e+14 0.24043
0.0646553 1.09258e+14 0.241063
0.0647553 1.09427e+14 0.241696
0.0648553 1.09597e+14 0.242331
0.0649553 1.09767e+14 0.242967
0.0650553 1.09936e+14 0.243605
0.0651553 1.10106e+14 0.244243
0.0652553 1.10276e+14 0.244883
0.0653553 1.10445e+14 0.245523
0.0654553 1.10615e+14 0.246165
0.0655553 1.10785e+14 0.246808
0.0656553 1.10954e+14 0.247453
0.0657553 1.11124e+14 0.248098
0.0658553 1.11294e+14 0.248745
0.0659553 1.11463e+14 0.249392
0.0660553 1.11633e+14 0.250041
0.0661553 1.11803e+14 0.250691
0.0662553 1.11972e+14 0.251343
0.0663553 1.12142e+14 0.251995
0.0664553 1.12312e+14 0.252649
0.0665553 1.12481e+14 0.253303
0.0666553 1.12651e+14 0.253959
0.0667553 1.12821e+14 0.254616
0.0668553 1.1299e+14 0.255274
0.0669553 1.1316e+14 0.255934
0.0670553 1.1333e+14 0.256594
0.0671553 1.135e+14 0.257255
0.0672553 1.13669e+14 0.257918
0.0673553 1.13839e+14 0.258582
0.0674553 1.14009e+14 0.259247
0.0675553 1.14178e+14 0.259913
0.0676553 1.14348e+14 0.26058
0.0677553 1.14518e+14 0.261248
0.0678553 1.14687e+14 0.261917
0.0679553 1.14857e+14 0.262587
0.0680553 1.15027e+14 0.263259
0.0681553 1.15197e+14 0.263931
0.0682553 1.15366e+14 0.264605
0.0683553 1.15536e+14 0.265279
0.0684553 1.15706e+14 0.265955
0.0685553 1.15875e+14 0.266632
0.0686553 1.16045e+14 0.267309
0.0687553 1.16215e+14 0.267988
0.0688553 1.16385e+14 0.268667
0.0689553 1.16554e+14 0.269348
0.0690553 1.16724e+14 0.27003
0.0691553 1.16894e+14 0.270712
0.0692553 1.17063e+14 0.271395
0.0693553 1.17233e+14 0.27208
0.0694553 1.17403e+14 0.272765
0.0695553 1.17573e+14 0.273451
0.0696553 1.17742e+14 0.274138
0.0697553 1.17912e+14 0.274826
0.0698553 1.18082e+14 0.275514
0.0699553 1.18252e+14 0.276203
0.0700553 1.18421e+14 0.276893
0.0701553 1.18591e+14 0.277584
0.0702553 1.18761e+14 0.278275
0.0703553 1.18931e+14 0.278967
0.0704553 1.191e+14 0.279659
0.0705553 1.1927e+14 0.280352
0.0706553 1.1944e+14 0.281046
0.0707553 1.1961e+14 0.281739
0.0708553 1.19779e+14 0.282433
0.0709553 1.19949e+14 0.283128
0.0710553 1.20119e+14 0.283822
0.0711553 1.20289e+14 0.284516
0.0712553 1.20458e+14 0.285211
0.0713553 1.20628e+14 0.285905
0.0714553 1.20798e+14 0.286598
0.0715553 1.20968e+14 0.287291
0.0716553 1.21137e+14 0.287983
0.0717553 1.21307e+14 0.288675
0.0718553 1.21477e+14 0.283464
0.0728553 1.23175e+14 0.291958
0.0738553 1.24873e+14 0.300666
0.0748553 1.26571e+14 0.309591
0.0758553 1.28269e+14 0.318738
0.0768553 1.29968e+14 0.328111
0.0778553 1.31666e+14 0.337713
0.0788553 1.33365e+14 0.347548
0.0798553 1.35065e+14 0.357619
0.0808553 1.36764e+14 0.367932
0.0818553 1.38464e+14 0.37849
0.0828553 1.40164e+14 0.389295
0.0838553 1.41864e+14 0.400354
0.0848553 1.43564e+14 0.411669
0.0858553 1.45265e+14 0.423244
0.0868553 1.46966e+14 0.435083
0.0878553 1.48667e+14 0.44719
0.0888553 1.50368e+14 0.459569
0.0898553 1.5207e+14 0.472224
0.0908553 1.53772e+14 0.485159
0.0918553 1.55474e+14 0.498377
0.0928553 1.57176e+14 0.511883
0.0938553 1.58879e+14 0.525681
0.0948553 1.60582e+14 0.539774
0.0958553 1.62285e+14 0.554167
0.0968553 1.63989e+14 0.568862
0.0978553 1.65692e+14 0.583865
0.0988553 1.67396e+14 0.59918
0.0998553 1.69101e+14 0.614809
0.100855 1.70805e+14 0.630758
0.101855 1.7251e+14 0.647029
0.102855 1.74215e+14 0.663628
0.103855 1.75921e+14 0.680557
0.104855 1.77626e+14 0.697821
0.105855 1.79332e+14 0.715424
0.106855 1.81039e+14 0.733369
0.107855 1.82745e+14 0.751661
0.108855 1.84452e+14 0.770303
0.109855 1.8616e+14 0.7893
0.110855 1.87867e+14 0.808655
0.111855 1.89575e+14 0.828372
0.112855 1.91283e+14 0.848456
0.113855 1.92992e+14 0.868909
0.114855 1.94701e+14 0.889736
0.115855 1.9641e+14 0.910941
0.116855 1.98119e+14 0.932528
0.117855 1.99829e+14 0.9545
0.118855 2.01539e+14 0.976801
0.123855 2.10095e+14 1.09244
0.128855 2.18659e+14 1.21709
0.133855 2.27233e+14 1.35174
0.138855 2.35816e+14 1.49709
0.143855 2.44408e+14 1.65375
0.148855 2.5301e+14 1.82228
0.153855 2.61623e+14 2.00322
0.158855 2.70247e+14 2.19708
0.163855 2.78882e+14 2.40435
0.168855 2.87529e+14 2.62554
0.173855 2.96188e+14 2.86112
0.178855 3.04859e+14 3.11155
0.183855 3.13543e+14 3.3773
0.188855 3.2224e+14 3.65882
0.193855 3.30951e+14 3.95654
0.198855 3.39676e+14 4.2709
0.203855 3.48416e+14 4.60233
0.208855 3.5717e+14 4.95126
0.213855 3.6594e+14 5.31809
0.218855 3.74725e+14 5.70324
0.223855 3.83527e+14 6.10712
0.228855 3.92345e+14 6.53011
0.233855 4.01179e+14 6.97262
0.238855 4.10031e+14 7.43504
0.243855 4.18901e+14 7.91773
0.248855 4.27788e+14 8.4211
0.253855 4.36694e+14 8.94551
0.258855 4.45619e+14 9.49133
0.263855 4.54563e+14 10.0589
0.268855 4.63527e+14 10.6487
0.273855 4.7251e+14 11.2609
0.278855 4.81514e+14 11.8961
0.283855 4.90538e+14 12.5544
0.288855 4.99584e+14 13.2363
0.293855 5.08651e+14 13.9421
0.298855 5.17739e+14 14.6722
0.303855 5.2685e+14 15.4268
0.308855 5.35983e+14 16.2064
0.313855 5.45139e+14 17.0113
0.318855 5.54319e+14 17.8418
0.323855 5.63522e+14 18.6983
0.328855 5.72748e+14 19.581
0.333855 5.82e+14 20.4903
0.338855 5.91275e+14 21.4265
0.343855 6.00576e+14 22.39
0.348855 6.09902e+14 23.381
0.353855 6.19254e+14 24.3999
0.358855 6.28632e+14 25.447
0.363855 6.38036e+14 26.5227
0.368855 6.47467e+14 27.6271
0.373855 6.56925e+14 28.7607
0.378855 6.6641e+14 29.9237
0.383855 6.75923e+14 31.1165
0.388855 6.85464e+14 32.3393
0.393855 6.95033e+14 33.5925
0.398855 7.04631e+14 34.8763
0.403855 7.14258e+14 36.1911
0.408855 7.23915e+14 37.5371
0.413855 7.33601e+14 38.9147
0.418855 7.43317e+14 40.3241
0.423855 7.53064e+14 41.7657
0.428855 7.62841e+14 43.2396
0.433855 7.72649e+14 44.7463
0.438855 7.82489e+14 46.286
0.443855 7.9236e+14 47.8589
0.448855 8.02263e+14 49.4655
0.453855 8.12198e+14 51.1058
0.458855 8.22166e+14 52.7803
0.463855 8.32166e+14 54.4893
0.468855 8.422e+14 56.2329
0.473855 8.52267e+14 58.0115
0.478855 8.62368e+14 59.8253
0.483855 8.72503e+14 61.6747
0.488855 8.82673e+14 63.5599
0.493855 8.92877e+14 65.4812
0.498855 9.03116e+14 67.4388
0.503855 9.13391e+14 69.4331
0.508855 9.23701e+14 71.4643
0.513855 9.34047e+14 73.5328
0.518855 9.4443e+14 75.6386
0.523855 9.54848e+14 77.7823
0.528855 9.65304e+14 79.9639
0.533855 9.75797e+14 82.1839
0.538855 9.86327e+14 84.4424
0.543855 9.96894e+14 86.7399
0.548855 1.0075e+15 89.0764
0.553855 1.01814e+15 91.4524
0.558855 1.02883e+15 93.8681
0.563855 1.03955e+15 96.3238
0.568855 1.05031e+15 98.8198
0.573855 1.06111e+15 101.356
0.578855 1.07195e+15 103.934
0.583855 1.08283e+15 106.552
0.588855 1.09375e+15 109.212
0.593855 1.10471e+15 111.914
0.598855 1.11571e+15 114.658
0.603855 1.12675e+15 117.444
0.608855 1.13784e+15 120.272
0.613855 1.14896e+15 123.144
0.618855 1.16013e+15 126.058
0.623855 1.17134e+15 129.017
0.628855 1.18259e+15 132.019
0.633855 1.19389e+15 135.065
0.638855 1.20523e+15 138.155
0.643855 1.21661e+15 141.29
0.648855 1.22803e+15 144.47
0.653855 1.2395e+15 147.696
0.658855 1.25102e+15 150.967
0.663855 1.26258e+15 154.283
0.668855 1.27418e+15 157.646
0.673855 1.28583e+15 161.055
0.678855 1.29752e+15 164.511
0.683855 1.30926e+15 168.014
0.688855 1.32105e+15 171.564
0.693855 1.33288e+15 175.162
0.698855 1.34476e+15 178.807
0.703855 1.35668e+15 182.5
0.708855 1.36865e+15 186.241
0.713855 1.38067e+15 190.031
0.718855 1.39274e+15 193.869
0.723855 1.40486e+15 197.756
0.728855 1.41702e+15 201.691
0.733855 1.42923e+15 205.676
0.738855 1.44149e+15 209.709
0.743855 1.4538e+15 213.792
0.748855 1.46616e+15 217.924
0.753855 1.47857e+15 222.105
0.758855 1.49102e+15 226.335
0.763855 1.50353e+15 230.615
0.768855 1.51609e+15 234.943
0.773855 1.5287e+15 239.321
0.778855 1.54136e+15 243.746
0.783855 1.55407e+15 248.221
0.788855 1.56683e+15 252.743
0.793855 1.57964e+15 257.313
0.798855 1.5925e+15 261.931
0.803855 1.60542e+15 266.595
0.808855 1.61839e+15 271.305
0.813855 1.63141e+15 276.062
0.818855 1.64448e+15 280.862
0.823855 1.65761e+15 285.707
0.828855 1.67078e+15 290.595
0.833855 1.68401e+15 295.525
0.838855 1.6973e+15 300.495
0.843855 1.71063e+15 305.505
0.848855 1.72402e+15 310.554
0.853855 1.73746e+15 315.639
0.858855 1.75096e+15 320.759
0.863855 1.76451e+15 325.912
0.868855 1.77811e+15 331.096
0.873855 1.79177e+15 336.309
0.878855 1.80548e+15 341.55
0.883855 1.81924e+15 346.814
0.888855 1.83305e+15 352.1
0.893855 1.84692e+15 357.406
0.898855 1.86085e+15 362.727
0.903855 1.87482e+15 368.061
0.908855 1.88885e+15 373.404
0.913855 1.90293e+15 378.753
0.918855 1.91706e+15 384.104
0.923855 1.93124e+15 389.453
0.928855 1.94548e+15 394.796
0.933855 1.95976e+15 400.128
0.938855 1.9741e+15 405.446
0.943855 1.98849e+15 410.744
0.948855 2.00293e+15 416.017
0.953855 2.01741e+15 421.261
0.958855 2.03195e+15 426.47
0.963855 2.04653e+15 431.639
0.968855 2.06116e+15 436.763
0.973855 2.07584e+15 441.837
0.978855 2.09057e+15 446.855
0.983855 2.10534e+15 451.813
0.988855 2.12015e+15 456.704
0.993855 2.13501e+15 461.524
0.998855 2.14991e+15 466.269
1.00386 2.16486e+15 470.935
1.00886 2.17984e+15 475.516
1.01386 2.19487e+15 480.011
1.01886 2.20993e+15 484.415
1.02386 2.22503e+15 488.727
1.02886 2.24017e+15 492.946
1.03386 2.25535e+15 497.071
1.03886 2.27056e+15 501.103
1.04386 2.2858e+15 505.042
1.04886 2.30108e+15 508.893
1.05386 2.31639e+15 512.66
1.05886 2.33173e+15 516.348
1.06386 2.3471e+15 519.964
1.06886 2.36251e+15 523.519
1.07386 2.37794e+15 527.024
1.07886 2.3934e+15 530.494
1.08386 2.40889e+15 533.947
1.08886 2.42441e+15 537.41
1.09386 2.43995e+15 540.93
1.09886 2.45553e+15 544.502
1.10386 2.47113e+15 548.26
1.10886 2.48677e+15 551.368
1.11386 2.50243e+15 555.308

